population,relationship_type,replicate_id,num_shared_alleles_sum,log_R_sum
AfAm,parent_child,1,36,53.1414160132892
AfAm,parent_child,2,37,52.76184373646395
AfAm,parent_child,3,32,56.90897926644669
AfAm,parent_child,4,35,47.38250927159131
AfAm,parent_child,5,39,49.144292008117304
AfAm,parent_child,6,35,49.08524671028416
AfAm,parent_child,7,34,51.60362042030516
AfAm,parent_child,8,34,56.71881752752008
AfAm,parent_child,9,32,55.4264144283231
AfAm,parent_child,10,31,57.1537485597746
AfAm,parent_child,11,34,48.28271483861879
AfAm,parent_child,12,34,50.5106708655437
AfAm,parent_child,13,33,49.33106626737879
AfAm,parent_child,14,33,58.60791216723546
AfAm,parent_child,15,32,56.32481673208197
AfAm,parent_child,16,35,57.09069425230589
AfAm,parent_child,17,34,46.861071978795835
AfAm,parent_child,18,34,49.52272313988627
AfAm,parent_child,19,30,56.09748480275419
AfAm,parent_child,20,35,47.26715430941093
AfAm,parent_child,21,32,53.69162699802548
AfAm,parent_child,22,33,55.40240697542417
AfAm,parent_child,23,34,55.90798334431508
AfAm,parent_child,24,32,56.47624538155928
AfAm,parent_child,25,34,55.495518144601405
AfAm,parent_child,26,32,53.91401903921039
AfAm,parent_child,27,34,53.290546231132545
AfAm,parent_child,28,34,49.8139689616867
AfAm,parent_child,29,35,48.0831068945073
AfAm,parent_child,30,32,53.86523882116732
AfAm,parent_child,31,31,57.26545161894132
AfAm,parent_child,32,32,52.95196514428074
AfAm,parent_child,33,37,51.623846286365435
AfAm,parent_child,34,33,51.33633027638584
AfAm,parent_child,35,32,54.03852504336911
AfAm,parent_child,36,35,54.32144535951051
AfAm,parent_child,37,31,51.328191058943574
AfAm,parent_child,38,35,50.318365068856785
AfAm,parent_child,39,34,49.25108486163465
AfAm,parent_child,40,32,54.760452024001246
AfAm,parent_child,41,33,54.03380981288769
AfAm,parent_child,42,33,52.43852686360207
AfAm,parent_child,43,34,52.117101025744105
AfAm,parent_child,44,31,56.96756325324136
AfAm,parent_child,45,37,51.69607345462308
AfAm,parent_child,46,33,58.660876767124854
AfAm,parent_child,47,34,47.53592478839741
AfAm,parent_child,48,31,67.3159710828787
AfAm,parent_child,49,37,49.22329524244707
AfAm,parent_child,50,31,54.503370362305084
AfAm,parent_child,51,32,58.18453949146629
AfAm,parent_child,52,32,53.66258355423141
AfAm,parent_child,53,34,48.41873048847434
AfAm,parent_child,54,33,49.88547446522902
AfAm,parent_child,55,30,53.86352659958212
AfAm,parent_child,56,35,55.748478668266365
AfAm,parent_child,57,30,70.06981783360831
AfAm,parent_child,58,29,57.44736125651944
AfAm,parent_child,59,33,59.67732786122785
AfAm,parent_child,60,35,43.86000907932222
AfAm,parent_child,61,31,55.977712412631874
AfAm,parent_child,62,30,49.3441411758457
AfAm,parent_child,63,33,52.548674998956635
AfAm,parent_child,64,31,50.92633617738092
AfAm,parent_child,65,35,52.46995350957176
AfAm,parent_child,66,34,56.26731240920133
AfAm,parent_child,67,34,48.21805193700047
AfAm,parent_child,68,33,49.533517946361286
AfAm,parent_child,69,31,58.788097554279645
AfAm,parent_child,70,37,50.11073155316829
AfAm,parent_child,71,31,51.32700523466399
AfAm,parent_child,72,35,48.86925894730631
AfAm,parent_child,73,31,63.178424321991606
AfAm,parent_child,74,35,57.876198950546275
AfAm,parent_child,75,34,53.994535187660674
AfAm,parent_child,76,34,59.61235804837383
AfAm,parent_child,77,31,54.93517813095711
AfAm,parent_child,78,32,53.47235413744962
AfAm,parent_child,79,38,46.35474110541436
AfAm,parent_child,80,34,51.64692079682508
AfAm,parent_child,81,33,53.251482997009184
AfAm,parent_child,82,34,54.22231964226019
AfAm,parent_child,83,32,55.62567867226757
AfAm,parent_child,84,32,49.24772006596893
AfAm,parent_child,85,32,57.89612335088637
AfAm,parent_child,86,32,51.376435918837636
AfAm,parent_child,87,33,56.87348421362338
AfAm,parent_child,88,32,47.31905010102885
AfAm,parent_child,89,31,55.839422376223425
AfAm,parent_child,90,38,48.8962577183242
AfAm,parent_child,91,34,49.48469374762722
AfAm,parent_child,92,33,52.24150056672272
AfAm,parent_child,93,33,50.90833479464817
AfAm,parent_child,94,34,52.69349411557504
AfAm,parent_child,95,33,51.90923995370746
AfAm,parent_child,96,32,50.97264703012934
AfAm,parent_child,97,38,51.962664360267034
AfAm,parent_child,98,34,61.61865095071371
AfAm,parent_child,99,34,49.445522791027244
AfAm,parent_child,100,33,60.034900762002486
AfAm,parent_child,101,32,46.80075043076351
AfAm,parent_child,102,32,58.06116082022576
AfAm,parent_child,103,33,53.3136368666336
AfAm,parent_child,104,36,47.52438525257711
AfAm,parent_child,105,37,52.17703244202543
AfAm,parent_child,106,33,54.139965442997955
AfAm,parent_child,107,34,53.50508098512438
AfAm,parent_child,108,33,59.756943262349374
AfAm,parent_child,109,34,55.981829302453654
AfAm,parent_child,110,35,53.61704519684177
AfAm,parent_child,111,33,55.925949923095224
AfAm,parent_child,112,35,52.154658426103886
AfAm,parent_child,113,31,57.631303071149325
AfAm,parent_child,114,32,47.306462257365745
AfAm,parent_child,115,32,54.83633727247573
AfAm,parent_child,116,33,50.52065166956484
AfAm,parent_child,117,33,49.682523416722375
AfAm,parent_child,118,33,50.07488881808511
AfAm,parent_child,119,31,59.90749511281212
AfAm,parent_child,120,36,49.90173766091387
AfAm,parent_child,121,34,58.473441616469536
AfAm,parent_child,122,31,50.569336838123434
AfAm,parent_child,123,36,57.52878721558244
AfAm,parent_child,124,33,50.14516261923598
AfAm,parent_child,125,34,57.83831788541535
AfAm,parent_child,126,32,58.67922709953148
AfAm,parent_child,127,33,60.43143533641549
AfAm,parent_child,128,33,51.08787713490084
AfAm,parent_child,129,32,56.03221270661262
AfAm,parent_child,130,34,50.8176725557591
AfAm,parent_child,131,33,51.73034268364367
AfAm,parent_child,132,34,55.88998829233235
AfAm,parent_child,133,34,53.75944753636681
AfAm,parent_child,134,30,51.46139138357381
AfAm,parent_child,135,32,60.861596509865315
AfAm,parent_child,136,34,50.691497486442024
AfAm,parent_child,137,35,55.98139880721735
AfAm,parent_child,138,33,57.07790581188274
AfAm,parent_child,139,34,52.26701544693924
AfAm,parent_child,140,37,49.054207767979165
AfAm,parent_child,141,35,53.38285928257493
AfAm,parent_child,142,33,54.40828692988292
AfAm,parent_child,143,32,52.82112906311726
AfAm,parent_child,144,36,51.33952562687177
AfAm,parent_child,145,34,54.19633378130681
AfAm,parent_child,146,33,59.72787630316547
AfAm,parent_child,147,34,49.67731776055541
AfAm,parent_child,148,32,57.655902528637455
AfAm,parent_child,149,31,56.142275381908014
AfAm,parent_child,150,33,46.43070516218152
AfAm,parent_child,151,31,56.9103481099037
AfAm,parent_child,152,33,53.94479172115631
AfAm,parent_child,153,36,57.09022449422648
AfAm,parent_child,154,37,49.334637267103794
AfAm,parent_child,155,32,58.51252984605047
AfAm,parent_child,156,34,50.12696231039798
AfAm,parent_child,157,34,49.69391238473783
AfAm,parent_child,158,33,59.89494401581052
AfAm,parent_child,159,33,50.02438408497434
AfAm,parent_child,160,35,51.08330790109556
AfAm,parent_child,161,34,50.823326151404345
AfAm,parent_child,162,36,56.89398529845633
AfAm,parent_child,163,31,52.60791660061407
AfAm,parent_child,164,32,56.7422647162883
AfAm,parent_child,165,32,51.19454650231867
AfAm,parent_child,166,32,51.07048128381896
AfAm,parent_child,167,33,50.95779564710877
AfAm,parent_child,168,35,53.89385771213613
AfAm,parent_child,169,31,50.326643011852056
AfAm,parent_child,170,31,50.28469100492814
AfAm,parent_child,171,37,54.13113184189798
AfAm,parent_child,172,36,46.822173793037706
AfAm,parent_child,173,33,61.37927240701303
AfAm,parent_child,174,34,48.08500847820972
AfAm,parent_child,175,32,55.933646966283575
AfAm,parent_child,176,31,53.559507686895
AfAm,parent_child,177,30,52.11040844157618
AfAm,parent_child,178,32,59.78042071327456
AfAm,parent_child,179,34,57.75401806462034
AfAm,parent_child,180,32,57.10601849934679
AfAm,parent_child,181,32,53.617167412534855
AfAm,parent_child,182,32,49.655173356955565
AfAm,parent_child,183,34,56.95041219129349
AfAm,parent_child,184,32,53.8752441850825
AfAm,parent_child,185,32,53.19327760957196
AfAm,parent_child,186,32,51.94792883434869
AfAm,parent_child,187,33,54.46116623092606
AfAm,parent_child,188,30,56.53001337879996
AfAm,parent_child,189,36,47.91426055268418
AfAm,parent_child,190,35,56.029131867334634
AfAm,parent_child,191,30,56.7014624066821
AfAm,parent_child,192,37,53.30890394409623
AfAm,parent_child,193,33,53.05192357295402
AfAm,parent_child,194,32,53.59551925318411
AfAm,parent_child,195,35,55.01724828932161
AfAm,parent_child,196,31,52.791415615536
AfAm,parent_child,197,31,54.91014419698832
AfAm,parent_child,198,32,48.44591070801043
AfAm,parent_child,199,34,55.9481021176831
AfAm,parent_child,200,32,58.84901582660555
AfAm,parent_child,201,33,51.542177433769794
AfAm,parent_child,202,30,61.46615360182459
AfAm,parent_child,203,32,55.45171120060868
AfAm,parent_child,204,31,51.353650051503834
AfAm,parent_child,205,38,47.14248416075054
AfAm,parent_child,206,32,56.24943356382877
AfAm,parent_child,207,33,51.090284911326215
AfAm,parent_child,208,33,50.21308134871892
AfAm,parent_child,209,36,50.30054306328881
AfAm,parent_child,210,36,56.720556592623346
AfAm,parent_child,211,31,54.563788988685005
AfAm,parent_child,212,31,58.74821562818591
AfAm,parent_child,213,35,52.36559879654882
AfAm,parent_child,214,34,58.04033206361407
AfAm,parent_child,215,32,50.46795952932295
AfAm,parent_child,216,30,60.48353732248767
AfAm,parent_child,217,32,56.08356924438759
AfAm,parent_child,218,36,51.37084467345187
AfAm,parent_child,219,32,50.333540017940194
AfAm,parent_child,220,31,53.4447105539248
AfAm,parent_child,221,35,51.01149114119455
AfAm,parent_child,222,33,51.689072794637156
AfAm,parent_child,223,34,54.245905726065175
AfAm,parent_child,224,32,55.55124346429058
AfAm,parent_child,225,32,56.71440168444235
AfAm,parent_child,226,35,53.256941137456856
AfAm,parent_child,227,33,56.18504759441321
AfAm,parent_child,228,32,56.70401255147508
AfAm,parent_child,229,35,50.787311610464876
AfAm,parent_child,230,31,59.7834107597097
AfAm,parent_child,231,34,52.55701128703267
AfAm,parent_child,232,35,48.890904812246944
AfAm,parent_child,233,31,56.873522701233895
AfAm,parent_child,234,34,56.43599637240825
AfAm,parent_child,235,34,58.13079175092458
AfAm,parent_child,236,33,51.11404564317018
AfAm,parent_child,237,31,54.095575944381636
AfAm,parent_child,238,33,45.517343453738974
AfAm,parent_child,239,33,54.919807266634926
AfAm,parent_child,240,32,52.68904883012895
AfAm,parent_child,241,31,58.23191761601403
AfAm,parent_child,242,34,58.72642998972656
AfAm,parent_child,243,31,51.05940808062229
AfAm,parent_child,244,32,53.18866704703836
AfAm,parent_child,245,32,58.38026972455025
AfAm,parent_child,246,31,48.44998936083652
AfAm,parent_child,247,34,48.01940060357426
AfAm,parent_child,248,34,57.38660978945839
AfAm,parent_child,249,35,54.37642461456091
AfAm,parent_child,250,36,54.059738437694236
AfAm,parent_child,251,29,55.71435075271843
AfAm,parent_child,252,33,45.89667519849227
AfAm,parent_child,253,34,48.459614840416364
AfAm,parent_child,254,33,57.133910862475524
AfAm,parent_child,255,34,48.21143290947976
AfAm,parent_child,256,34,45.07083430482143
AfAm,parent_child,257,34,49.4758722772282
AfAm,parent_child,258,35,53.20266054348971
AfAm,parent_child,259,32,50.21595081303411
AfAm,parent_child,260,30,63.24906590899018
AfAm,parent_child,261,35,52.82502284748851
AfAm,parent_child,262,30,53.719127727189225
AfAm,parent_child,263,35,61.52887476107882
AfAm,parent_child,264,31,58.6011879882097
AfAm,parent_child,265,33,56.73395403688297
AfAm,parent_child,266,34,62.883250406841746
AfAm,parent_child,267,35,52.45910805593142
AfAm,parent_child,268,33,51.01344822551098
AfAm,parent_child,269,35,54.91445554661056
AfAm,parent_child,270,32,59.66158061840896
AfAm,parent_child,271,32,54.164201845132474
AfAm,parent_child,272,32,58.48000338687805
AfAm,parent_child,273,35,54.59524420990612
AfAm,parent_child,274,39,49.441100744958355
AfAm,parent_child,275,31,56.83596937699369
AfAm,parent_child,276,33,54.79042551484704
AfAm,parent_child,277,34,55.5669762728399
AfAm,parent_child,278,35,50.378903587871264
AfAm,parent_child,279,35,48.07205180843948
AfAm,parent_child,280,36,55.52297520437668
AfAm,parent_child,281,33,51.21499835095222
AfAm,parent_child,282,37,49.792603930846845
AfAm,parent_child,283,33,57.26204243477102
AfAm,parent_child,284,31,54.08189940530113
AfAm,parent_child,285,32,55.89181429195411
AfAm,parent_child,286,33,53.31908808992105
AfAm,parent_child,287,34,53.563343084052654
AfAm,parent_child,288,32,51.52553007016535
AfAm,parent_child,289,34,54.62425793111598
AfAm,parent_child,290,31,51.50604590579628
AfAm,parent_child,291,31,51.537206424138724
AfAm,parent_child,292,34,54.78862736190649
AfAm,parent_child,293,32,52.15875052134422
AfAm,parent_child,294,34,50.18343236194991
AfAm,parent_child,295,33,44.84154259683693
AfAm,parent_child,296,31,47.171125906332726
AfAm,parent_child,297,37,50.74305246891372
AfAm,parent_child,298,29,56.84550283156757
AfAm,parent_child,299,37,48.493781269280184
AfAm,parent_child,300,32,53.9160027163988
AfAm,parent_child,301,33,56.95384692544725
AfAm,parent_child,302,32,56.71154595548909
AfAm,parent_child,303,34,49.7364791558634
AfAm,parent_child,304,33,53.275755751205985
AfAm,parent_child,305,33,47.97759036324583
AfAm,parent_child,306,34,57.31744283488011
AfAm,parent_child,307,35,52.09028625361363
AfAm,parent_child,308,34,57.910090726221064
AfAm,parent_child,309,35,44.282150084508956
AfAm,parent_child,310,32,48.017318516924476
AfAm,parent_child,311,35,50.39828350608672
AfAm,parent_child,312,36,47.11735894966
AfAm,parent_child,313,30,48.961957611194435
AfAm,parent_child,314,32,49.18600681812187
AfAm,parent_child,315,36,55.57758707940411
AfAm,parent_child,316,33,50.113180815564284
AfAm,parent_child,317,32,55.27208522447308
AfAm,parent_child,318,34,54.50536954768204
AfAm,parent_child,319,33,46.95919016859895
AfAm,parent_child,320,32,49.97975242427305
AfAm,parent_child,321,34,50.39045480047187
AfAm,parent_child,322,33,54.1565466035585
AfAm,parent_child,323,34,51.72162428768768
AfAm,parent_child,324,33,51.88957271513666
AfAm,parent_child,325,35,51.15925388507923
AfAm,parent_child,326,34,53.93472386552616
AfAm,parent_child,327,39,46.02410700768603
AfAm,parent_child,328,32,53.77688521098454
AfAm,parent_child,329,33,52.98734560323252
AfAm,parent_child,330,36,44.427375638985495
AfAm,parent_child,331,33,51.146706289860035
AfAm,parent_child,332,37,49.00718997090104
AfAm,parent_child,333,33,54.51712561874657
AfAm,parent_child,334,36,51.93957761018507
AfAm,parent_child,335,32,51.98964428262
AfAm,parent_child,336,31,51.64198722903901
AfAm,parent_child,337,34,58.89207372227092
AfAm,parent_child,338,31,53.680330291939605
AfAm,parent_child,339,32,53.493455036623686
AfAm,parent_child,340,35,46.34354052199004
AfAm,parent_child,341,36,58.366663265931614
AfAm,parent_child,342,35,48.91194954136644
AfAm,parent_child,343,32,59.572639525422844
AfAm,parent_child,344,32,53.161504307690564
AfAm,parent_child,345,37,53.57426293702929
AfAm,parent_child,346,36,48.11313818719281
AfAm,parent_child,347,33,55.18064262535013
AfAm,parent_child,348,32,59.051956484634466
AfAm,parent_child,349,34,50.527977797913906
AfAm,parent_child,350,36,59.60364227678924
AfAm,parent_child,351,35,55.33698964106745
AfAm,parent_child,352,31,56.846071218854405
AfAm,parent_child,353,34,64.24461814954053
AfAm,parent_child,354,32,51.2606602098792
AfAm,parent_child,355,31,60.92781177042181
AfAm,parent_child,356,32,51.40916791893471
AfAm,parent_child,357,32,58.15816992456369
AfAm,parent_child,358,34,56.6235424527621
AfAm,parent_child,359,37,45.625559585593244
AfAm,parent_child,360,35,54.54793355144393
AfAm,parent_child,361,33,48.53936547126623
AfAm,parent_child,362,34,49.556045588903864
AfAm,parent_child,363,34,52.803004297571384
AfAm,parent_child,364,33,57.756377223768744
AfAm,parent_child,365,34,54.01715257429998
AfAm,parent_child,366,33,54.133956195962874
AfAm,parent_child,367,32,56.55586745996543
AfAm,parent_child,368,36,50.46714736851387
AfAm,parent_child,369,34,52.07469963140351
AfAm,parent_child,370,37,51.28855534021155
AfAm,parent_child,371,34,50.82736430277665
AfAm,parent_child,372,32,54.912929313949796
AfAm,parent_child,373,35,49.46300701807464
AfAm,parent_child,374,33,57.760053809923704
AfAm,parent_child,375,30,53.72840310414324
AfAm,parent_child,376,33,51.02388494982803
AfAm,parent_child,377,35,53.95114409184909
AfAm,parent_child,378,39,48.28635277889859
AfAm,parent_child,379,30,60.98220471295217
AfAm,parent_child,380,35,48.28052265956121
AfAm,parent_child,381,32,51.97775742298615
AfAm,parent_child,382,33,57.539092153415346
AfAm,parent_child,383,31,63.209153322292686
AfAm,parent_child,384,31,56.90739880592143
AfAm,parent_child,385,33,52.44185987113028
AfAm,parent_child,386,34,54.30640419109195
AfAm,parent_child,387,33,60.50930523747894
AfAm,parent_child,388,37,49.26294046265678
AfAm,parent_child,389,35,49.0673216993753
AfAm,parent_child,390,34,50.522594278605766
AfAm,parent_child,391,33,49.36548892821061
AfAm,parent_child,392,36,45.73265423526108
AfAm,parent_child,393,37,46.64450658803726
AfAm,parent_child,394,33,51.266414826580096
AfAm,parent_child,395,31,49.94705143983862
AfAm,parent_child,396,35,51.35789909522969
AfAm,parent_child,397,30,51.29863346855643
AfAm,parent_child,398,34,54.456083035255645
AfAm,parent_child,399,33,50.72218273464604
AfAm,parent_child,400,32,48.20130692433674
AfAm,parent_child,401,34,50.7933797284342
AfAm,parent_child,402,37,51.23358742341867
AfAm,parent_child,403,31,55.96687486569813
AfAm,parent_child,404,33,52.11681994091944
AfAm,parent_child,405,34,54.967813168086536
AfAm,parent_child,406,36,55.3640640751743
AfAm,parent_child,407,34,52.80146044296531
AfAm,parent_child,408,33,52.138571512219826
AfAm,parent_child,409,30,55.918185071625885
AfAm,parent_child,410,34,48.5462658710855
AfAm,parent_child,411,35,54.648157250360214
AfAm,parent_child,412,32,54.698519521674136
AfAm,parent_child,413,34,56.10575054932374
AfAm,parent_child,414,33,56.81124643783853
AfAm,parent_child,415,31,65.85348812365115
AfAm,parent_child,416,34,49.46012015722772
AfAm,parent_child,417,34,54.06130380176347
AfAm,parent_child,418,32,47.963404242333965
AfAm,parent_child,419,33,51.221130882351865
AfAm,parent_child,420,38,50.80017326352419
AfAm,parent_child,421,34,55.589884328167386
AfAm,parent_child,422,33,54.65602091416705
AfAm,parent_child,423,33,54.337252636047616
AfAm,parent_child,424,31,55.7017978350229
AfAm,parent_child,425,35,51.019489027988506
AfAm,parent_child,426,33,62.009261795403944
AfAm,parent_child,427,33,49.02539905602915
AfAm,parent_child,428,34,56.80768076564673
AfAm,parent_child,429,37,49.218049127997645
AfAm,parent_child,430,34,56.61233682298762
AfAm,parent_child,431,33,53.32608654094165
AfAm,parent_child,432,31,55.1050170984504
AfAm,parent_child,433,35,55.572805115342746
AfAm,parent_child,434,34,54.398756960102716
AfAm,parent_child,435,34,56.16389007117978
AfAm,parent_child,436,34,55.85552961573444
AfAm,parent_child,437,33,60.3937578017253
AfAm,parent_child,438,33,54.68320707076147
AfAm,parent_child,439,34,59.596552792503395
AfAm,parent_child,440,35,53.81552443007679
AfAm,parent_child,441,32,51.19233947847587
AfAm,parent_child,442,34,53.454353355592374
AfAm,parent_child,443,32,54.09439859792754
AfAm,parent_child,444,36,51.11446124505589
AfAm,parent_child,445,30,52.93938535782077
AfAm,parent_child,446,33,54.00048913214766
AfAm,parent_child,447,31,55.76848940434832
AfAm,parent_child,448,36,49.229291341030994
AfAm,parent_child,449,33,47.86272108592868
AfAm,parent_child,450,35,51.0222446418682
AfAm,parent_child,451,33,52.64426229500979
AfAm,parent_child,452,33,54.744548332698
AfAm,parent_child,453,34,52.16817027389546
AfAm,parent_child,454,37,51.46894132300892
AfAm,parent_child,455,33,54.21630690894874
AfAm,parent_child,456,32,49.090527884944
AfAm,parent_child,457,30,59.29959663567028
AfAm,parent_child,458,33,49.60396809175928
AfAm,parent_child,459,33,50.353677381488694
AfAm,parent_child,460,34,60.21545083546163
AfAm,parent_child,461,34,64.29416006248665
AfAm,parent_child,462,33,60.95520677119401
AfAm,parent_child,463,34,50.62847008898567
AfAm,parent_child,464,32,61.27539685618938
AfAm,parent_child,465,35,58.0052945158514
AfAm,parent_child,466,37,43.43349729547567
AfAm,parent_child,467,31,54.9975357059146
AfAm,parent_child,468,31,52.583361130831506
AfAm,parent_child,469,35,52.58520812104044
AfAm,parent_child,470,34,54.78689265416006
AfAm,parent_child,471,37,46.911891624019006
AfAm,parent_child,472,31,51.38539202521211
AfAm,parent_child,473,36,47.46980990760116
AfAm,parent_child,474,33,55.82140186471845
AfAm,parent_child,475,30,45.95869957454835
AfAm,parent_child,476,31,54.63334421223386
AfAm,parent_child,477,33,59.8531765740823
AfAm,parent_child,478,32,48.82909579420601
AfAm,parent_child,479,34,57.33452314512273
AfAm,parent_child,480,32,57.02011434323822
AfAm,parent_child,481,33,54.78375693744882
AfAm,parent_child,482,32,53.222846863535814
AfAm,parent_child,483,34,56.87881704180135
AfAm,parent_child,484,34,56.07843939772688
AfAm,parent_child,485,34,49.7241162861058
AfAm,parent_child,486,31,62.254838382092046
AfAm,parent_child,487,33,60.18152483815157
AfAm,parent_child,488,32,54.04826956175043
AfAm,parent_child,489,35,51.39453988711357
AfAm,parent_child,490,29,60.85543974230939
AfAm,parent_child,491,32,58.44497993541379
AfAm,parent_child,492,35,55.345192168254464
AfAm,parent_child,493,35,50.33854466681222
AfAm,parent_child,494,32,56.40082322842777
AfAm,parent_child,495,36,51.69287439905641
AfAm,parent_child,496,30,54.80947042626824
AfAm,parent_child,497,34,49.931824536940745
AfAm,parent_child,498,38,53.92617621217893
AfAm,parent_child,499,31,56.65752286592226
AfAm,parent_child,500,29,61.89874907435036
AfAm,full_siblings,1,36,68.79021979342718
AfAm,full_siblings,2,27,60.92534815327775
AfAm,full_siblings,3,37,59.62987432327136
AfAm,full_siblings,4,33,56.429816733880564
AfAm,full_siblings,5,36,68.07843463176931
AfAm,full_siblings,6,37,65.6748197402502
AfAm,full_siblings,7,43,64.98009926396661
AfAm,full_siblings,8,25,54.190936340724505
AfAm,full_siblings,9,32,69.26574932787277
AfAm,full_siblings,10,37,64.95019687083303
AfAm,full_siblings,11,39,68.52316649263946
AfAm,full_siblings,12,41,71.04328180429799
AfAm,full_siblings,13,38,58.782685415269
AfAm,full_siblings,14,30,65.05249026854891
AfAm,full_siblings,15,38,63.40603699624862
AfAm,full_siblings,16,35,58.6585408357231
AfAm,full_siblings,17,33,62.70452725608657
AfAm,full_siblings,18,30,57.704768572833004
AfAm,full_siblings,19,30,59.60108700956679
AfAm,full_siblings,20,33,55.86098661926179
AfAm,full_siblings,21,32,67.5447787849884
AfAm,full_siblings,22,28,66.299918432196307
AfAm,full_siblings,23,36,68.06281053473057
AfAm,full_siblings,24,30,62.11641589652059
AfAm,full_siblings,25,39,62.10947913027905
AfAm,full_siblings,26,29,62.76064161039408
AfAm,full_siblings,27,41,62.113141835481265
AfAm,full_siblings,28,30,68.13083495242334
AfAm,full_siblings,29,35,60.22435113525006
AfAm,full_siblings,30,36,59.58733956177319
AfAm,full_siblings,31,31,62.86833471327552
AfAm,full_siblings,32,33,62.331925696374924
AfAm,full_siblings,33,35,64.10931864255687
AfAm,full_siblings,34,37,53.85632273482383
AfAm,full_siblings,35,34,61.756595872857936
AfAm,full_siblings,36,37,56.71318185349563
AfAm,full_siblings,37,36,59.49753237314348
AfAm,full_siblings,38,29,70.78642732162173
AfAm,full_siblings,39,34,63.5625788280009
AfAm,full_siblings,40,32,63.281891052790996
AfAm,full_siblings,41,26,65.12223339403573
AfAm,full_siblings,42,34,64.52946061900231
AfAm,full_siblings,43,35,62.87841828395619
AfAm,full_siblings,44,34,62.64746780562073
AfAm,full_siblings,45,33,69.822522766361
AfAm,full_siblings,46,29,60.069620386198196
AfAm,full_siblings,47,31,56.706051752957656
AfAm,full_siblings,48,32,62.86773631645154
AfAm,full_siblings,49,32,57.40275046476526
AfAm,full_siblings,50,34,62.40356950431546
AfAm,full_siblings,51,37,55.64419643187554
AfAm,full_siblings,52,36,69.99175931748832
AfAm,full_siblings,53,36,65.96775936007516
AfAm,full_siblings,54,36,67.28849982131044
AfAm,full_siblings,55,30,58.35308583602491
AfAm,full_siblings,56,38,64.50812727782906
AfAm,full_siblings,57,31,64.45874574267681
AfAm,full_siblings,58,39,69.50995075977673
AfAm,full_siblings,59,31,54.435265958258384
AfAm,full_siblings,60,34,56.761032970717345
AfAm,full_siblings,61,38,59.375595370140104
AfAm,full_siblings,62,35,60.26663604958042
AfAm,full_siblings,63,32,62.81683908520541
AfAm,full_siblings,64,32,64.72590168783482
AfAm,full_siblings,65,34,55.629742846680756
AfAm,full_siblings,66,35,60.63600895217202
AfAm,full_siblings,67,31,64.92968534758738
AfAm,full_siblings,68,31,76.43490892397533
AfAm,full_siblings,69,32,53.862197639614834
AfAm,full_siblings,70,32,60.54467689749101
AfAm,full_siblings,71,38,58.74924093383135
AfAm,full_siblings,72,39,69.78386110249842
AfAm,full_siblings,73,28,63.28203889418759
AfAm,full_siblings,74,33,63.36226259142677
AfAm,full_siblings,75,33,65.42606983232145
AfAm,full_siblings,76,36,65.34852349133449
AfAm,full_siblings,77,37,60.48877016618514
AfAm,full_siblings,78,38,68.43206526336127
AfAm,full_siblings,79,34,73.44318722771095
AfAm,full_siblings,80,33,62.51210096023175
AfAm,full_siblings,81,36,65.75695577287533
AfAm,full_siblings,82,31,70.16155490046869
AfAm,full_siblings,83,31,67.01524459685346
AfAm,full_siblings,84,37,69.57016061315282
AfAm,full_siblings,85,32,54.22632740070299
AfAm,full_siblings,86,34,64.86688926318969
AfAm,full_siblings,87,37,57.26178750263308
AfAm,full_siblings,88,30,62.92697962831171
AfAm,full_siblings,89,35,59.70825884524047
AfAm,full_siblings,90,37,58.99260355622947
AfAm,full_siblings,91,41,67.67209246602934
AfAm,full_siblings,92,32,59.28825620311033
AfAm,full_siblings,93,35,65.02369221892513
AfAm,full_siblings,94,35,60.22531426056166
AfAm,full_siblings,95,35,57.72176178072137
AfAm,full_siblings,96,34,67.0546493241547
AfAm,full_siblings,97,24,59.89510582087968
AfAm,full_siblings,98,31,67.64254936681792
AfAm,full_siblings,99,37,60.86221858292543
AfAm,full_siblings,100,37,58.85450174397571
AfAm,full_siblings,101,35,61.52539430532867
AfAm,full_siblings,102,34,57.30722210958024
AfAm,full_siblings,103,37,67.4229022159722
AfAm,full_siblings,104,33,66.2196467481377
AfAm,full_siblings,105,36,63.269371913686264
AfAm,full_siblings,106,32,67.19568084539317
AfAm,full_siblings,107,35,67.57578390818179
AfAm,full_siblings,108,32,65.20807202857397
AfAm,full_siblings,109,36,66.30565256754204
AfAm,full_siblings,110,36,61.08529807356154
AfAm,full_siblings,111,35,63.45945963707888
AfAm,full_siblings,112,35,57.468262245303286
AfAm,full_siblings,113,32,62.86503956618301
AfAm,full_siblings,114,33,59.55855856013923
AfAm,full_siblings,115,27,60.407431957922675
AfAm,full_siblings,116,27,61.36619307022472
AfAm,full_siblings,117,34,62.97671257859957
AfAm,full_siblings,118,30,67.63048002032824
AfAm,full_siblings,119,31,55.00772171897192
AfAm,full_siblings,120,31,67.3112630727736
AfAm,full_siblings,121,38,61.26249230713902
AfAm,full_siblings,122,35,57.3364158220924
AfAm,full_siblings,123,35,65.32602192353266
AfAm,full_siblings,124,37,68.72697146546243
AfAm,full_siblings,125,36,63.153841506256946
AfAm,full_siblings,126,36,57.376915932481666
AfAm,full_siblings,127,33,62.91333087601862
AfAm,full_siblings,128,32,63.359630805349944
AfAm,full_siblings,129,39,64.49080224052703
AfAm,full_siblings,130,36,65.4025971741869
AfAm,full_siblings,131,32,60.68700693714844
AfAm,full_siblings,132,27,56.84823715865336
AfAm,full_siblings,133,35,65.96253258235893
AfAm,full_siblings,134,31,55.902957077156906
AfAm,full_siblings,135,30,60.868496658750466
AfAm,full_siblings,136,38,64.39933608538739
AfAm,full_siblings,137,34,68.83380097827971
AfAm,full_siblings,138,29,59.69670141000138
AfAm,full_siblings,139,33,60.08689814509581
AfAm,full_siblings,140,32,62.17531303228046
AfAm,full_siblings,141,27,64.82041464504724
AfAm,full_siblings,142,35,60.57270766276036
AfAm,full_siblings,143,30,59.699188018804314
AfAm,full_siblings,144,39,62.40646708580075
AfAm,full_siblings,145,31,63.13349733818506
AfAm,full_siblings,146,33,59.138763325685964
AfAm,full_siblings,147,36,61.78200745129412
AfAm,full_siblings,148,33,62.47205026588593
AfAm,full_siblings,149,30,58.1366437945217
AfAm,full_siblings,150,33,66.8673397438673
AfAm,full_siblings,151,34,58.90034755150164
AfAm,full_siblings,152,33,57.23034794973997
AfAm,full_siblings,153,33,72.98618420439874
AfAm,full_siblings,154,34,60.15570664999952
AfAm,full_siblings,155,33,66.56780463154173
AfAm,full_siblings,156,30,62.59997262334095
AfAm,full_siblings,157,32,66.02676048534374
AfAm,full_siblings,158,30,55.69755260022473
AfAm,full_siblings,159,37,66.14841287039441
AfAm,full_siblings,160,39,62.114795570043256
AfAm,full_siblings,161,31,60.802069572247774
AfAm,full_siblings,162,39,64.11125291006128
AfAm,full_siblings,163,30,61.99213916235435
AfAm,full_siblings,164,32,61.715808249430644
AfAm,full_siblings,165,29,61.21619072119936
AfAm,full_siblings,166,39,70.29990980123705
AfAm,full_siblings,167,38,57.123655931037334
AfAm,full_siblings,168,31,60.716975268526916
AfAm,full_siblings,169,34,58.822506145815325
AfAm,full_siblings,170,38,68.56297485847091
AfAm,full_siblings,171,29,67.6534382416034
AfAm,full_siblings,172,35,61.33898661337523
AfAm,full_siblings,173,31,64.24060541740445
AfAm,full_siblings,174,30,68.73121346220526
AfAm,full_siblings,175,38,62.0410101268751
AfAm,full_siblings,176,36,62.40520306172457
AfAm,full_siblings,177,31,66.9539074274135
AfAm,full_siblings,178,38,64.30663747874755
AfAm,full_siblings,179,34,65.78534467400323
AfAm,full_siblings,180,41,58.227628158317096
AfAm,full_siblings,181,34,60.83267162662665
AfAm,full_siblings,182,36,66.94573504835792
AfAm,full_siblings,183,33,69.59267439110401
AfAm,full_siblings,184,29,65.69739015429711
AfAm,full_siblings,185,37,69.35211316473139
AfAm,full_siblings,186,33,58.23005231568552
AfAm,full_siblings,187,32,62.49766033236724
AfAm,full_siblings,188,35,63.938498799877124
AfAm,full_siblings,189,30,64.81525770909907
AfAm,full_siblings,190,34,63.78417081775636
AfAm,full_siblings,191,29,64.37015860306553
AfAm,full_siblings,192,25,63.91524352745826
AfAm,full_siblings,193,35,61.308346447006734
AfAm,full_siblings,194,29,58.00907313943285
AfAm,full_siblings,195,34,65.17720334466412
AfAm,full_siblings,196,34,66.53463700518982
AfAm,full_siblings,197,32,66.32261845390514
AfAm,full_siblings,198,32,64.36454960960651
AfAm,full_siblings,199,31,63.824188983010885
AfAm,full_siblings,200,35,59.42317905118293
AfAm,full_siblings,201,32,65.83044875645705
AfAm,full_siblings,202,39,59.49425168920764
AfAm,full_siblings,203,36,64.40926982494463
AfAm,full_siblings,204,38,65.02609067220918
AfAm,full_siblings,205,33,58.422234034072446
AfAm,full_siblings,206,31,61.364725176447266
AfAm,full_siblings,207,34,62.947019338039155
AfAm,full_siblings,208,39,57.720693362704345
AfAm,full_siblings,209,33,71.1887834953986
AfAm,full_siblings,210,33,64.97111057539003
AfAm,full_siblings,211,36,69.35785122802652
AfAm,full_siblings,212,30,70.69652078178163
AfAm,full_siblings,213,33,64.72643166491487
AfAm,full_siblings,214,34,59.07965999553277
AfAm,full_siblings,215,33,63.51328694316657
AfAm,full_siblings,216,31,59.00462833602357
AfAm,full_siblings,217,38,67.5009883736863
AfAm,full_siblings,218,32,64.92094819445224
AfAm,full_siblings,219,28,60.80815855734208
AfAm,full_siblings,220,34,65.19967836859168
AfAm,full_siblings,221,27,67.4611779269684
AfAm,full_siblings,222,34,57.13197255383343
AfAm,full_siblings,223,31,61.619156169480775
AfAm,full_siblings,224,37,58.20957471662067
AfAm,full_siblings,225,34,69.09951773159557
AfAm,full_siblings,226,33,58.36541046629084
AfAm,full_siblings,227,38,62.64910764244745
AfAm,full_siblings,228,33,63.24625110778425
AfAm,full_siblings,229,39,61.56131745263446
AfAm,full_siblings,230,27,62.773786501048825
AfAm,full_siblings,231,32,67.87279201662484
AfAm,full_siblings,232,35,66.42377912665019
AfAm,full_siblings,233,36,60.70709597759257
AfAm,full_siblings,234,33,62.87234814301809
AfAm,full_siblings,235,45,59.93738621694537
AfAm,full_siblings,236,34,57.09108315491959
AfAm,full_siblings,237,33,68.46620540203523
AfAm,full_siblings,238,33,55.67820867849729
AfAm,full_siblings,239,35,60.251789684061094
AfAm,full_siblings,240,33,55.39211501127795
AfAm,full_siblings,241,31,65.41085569195602
AfAm,full_siblings,242,34,57.556360477763775
AfAm,full_siblings,243,35,64.61842803319983
AfAm,full_siblings,244,33,65.42219428006256
AfAm,full_siblings,245,44,63.15067344039901
AfAm,full_siblings,246,38,54.67496101625517
AfAm,full_siblings,247,34,52.83726852182137
AfAm,full_siblings,248,38,62.806380517185154
AfAm,full_siblings,249,31,68.48948290439569
AfAm,full_siblings,250,33,61.54919306804034
AfAm,full_siblings,251,36,67.48112560479686
AfAm,full_siblings,252,37,58.27108122816842
AfAm,full_siblings,253,31,59.39009904184744
AfAm,full_siblings,254,35,69.40181835200833
AfAm,full_siblings,255,35,67.72598727217952
AfAm,full_siblings,256,29,58.03185434241804
AfAm,full_siblings,257,40,57.40010532474231
AfAm,full_siblings,258,33,66.55454769537597
AfAm,full_siblings,259,36,65.48901068988464
AfAm,full_siblings,260,38,55.48899706008547
AfAm,full_siblings,261,32,64.11018696175188
AfAm,full_siblings,262,34,58.826217206379546
AfAm,full_siblings,263,32,59.49113347385742
AfAm,full_siblings,264,29,66.70757792508327
AfAm,full_siblings,265,30,58.177774516035406
AfAm,full_siblings,266,35,66.32494861938744
AfAm,full_siblings,267,33,64.07865135210386
AfAm,full_siblings,268,34,58.846077794163584
AfAm,full_siblings,269,33,62.63591244872707
AfAm,full_siblings,270,31,55.83992426663374
AfAm,full_siblings,271,32,53.97710695767814
AfAm,full_siblings,272,32,66.36717892542327
AfAm,full_siblings,273,39,61.56386187471344
AfAm,full_siblings,274,41,59.147958569535824
AfAm,full_siblings,275,31,67.62550495179421
AfAm,full_siblings,276,39,66.22446887953569
AfAm,full_siblings,277,43,60.51544494889369
AfAm,full_siblings,278,32,57.95500865815296
AfAm,full_siblings,279,36,59.80896543632813
AfAm,full_siblings,280,33,58.670615313149256
AfAm,full_siblings,281,36,62.09521647828204
AfAm,full_siblings,282,31,69.36844043730869
AfAm,full_siblings,283,37,61.78336559776156
AfAm,full_siblings,284,36,67.95627643311312
AfAm,full_siblings,285,34,68.73493217117051
AfAm,full_siblings,286,33,58.54685095734417
AfAm,full_siblings,287,34,65.33704596385918
AfAm,full_siblings,288,30,54.03988979318017
AfAm,full_siblings,289,33,61.55994651949622
AfAm,full_siblings,290,34,62.73956058605243
AfAm,full_siblings,291,27,63.12706012090365
AfAm,full_siblings,292,35,64.39898602500197
AfAm,full_siblings,293,37,65.09305509874812
AfAm,full_siblings,294,37,60.514723513910376
AfAm,full_siblings,295,38,66.21151968889885
AfAm,full_siblings,296,35,64.00702329594442
AfAm,full_siblings,297,38,72.99056482444412
AfAm,full_siblings,298,31,60.283787043216506
AfAm,full_siblings,299,38,66.57195072887251
AfAm,full_siblings,300,39,59.35901731920405
AfAm,full_siblings,301,32,60.49190313402083
AfAm,full_siblings,302,31,59.68613634518489
AfAm,full_siblings,303,36,58.03165238074573
AfAm,full_siblings,304,33,61.118378814394035
AfAm,full_siblings,305,30,60.93166298682856
AfAm,full_siblings,306,39,63.37395571368847
AfAm,full_siblings,307,33,62.10195971837193
AfAm,full_siblings,308,34,57.27920180765116
AfAm,full_siblings,309,39,60.82837505969989
AfAm,full_siblings,310,29,57.09909612746569
AfAm,full_siblings,311,28,55.426509683368224
AfAm,full_siblings,312,34,60.06183429536634
AfAm,full_siblings,313,37,67.02798263025214
AfAm,full_siblings,314,37,60.38382158645054
AfAm,full_siblings,315,30,62.71335130478345
AfAm,full_siblings,316,37,64.62075427361471
AfAm,full_siblings,317,35,61.93587543619969
AfAm,full_siblings,318,31,58.71820400788395
AfAm,full_siblings,319,34,63.564605737602406
AfAm,full_siblings,320,38,63.99164826260553
AfAm,full_siblings,321,34,69.10463477664753
AfAm,full_siblings,322,36,73.82343530434811
AfAm,full_siblings,323,39,56.11516712074251
AfAm,full_siblings,324,34,62.61934398664687
AfAm,full_siblings,325,38,61.069158001646265
AfAm,full_siblings,326,34,62.66501359623599
AfAm,full_siblings,327,34,66.06855961796326
AfAm,full_siblings,328,33,59.951189385694136
AfAm,full_siblings,329,38,67.4055887723995
AfAm,full_siblings,330,34,63.43149631824341
AfAm,full_siblings,331,33,54.76115113895848
AfAm,full_siblings,332,35,56.05868811477976
AfAm,full_siblings,333,35,55.205553588269275
AfAm,full_siblings,334,36,68.58432642714006
AfAm,full_siblings,335,40,61.89560691548674
AfAm,full_siblings,336,33,62.948169161537166
AfAm,full_siblings,337,33,63.51106261418823
AfAm,full_siblings,338,40,61.49243319873962
AfAm,full_siblings,339,39,78.90915838872283
AfAm,full_siblings,340,32,62.96619713494028
AfAm,full_siblings,341,34,55.91067000969415
AfAm,full_siblings,342,39,61.4722096941741
AfAm,full_siblings,343,40,61.350148506907175
AfAm,full_siblings,344,38,56.09348206811383
AfAm,full_siblings,345,36,63.82504584802007
AfAm,full_siblings,346,32,63.63295224412049
AfAm,full_siblings,347,33,61.10222019684676
AfAm,full_siblings,348,28,64.17002475565583
AfAm,full_siblings,349,27,59.51703717217601
AfAm,full_siblings,350,38,60.86223030580578
AfAm,full_siblings,351,32,64.63773038996037
AfAm,full_siblings,352,36,69.45581261634125
AfAm,full_siblings,353,36,62.12648567929783
AfAm,full_siblings,354,32,66.31548023442905
AfAm,full_siblings,355,30,61.62627343392509
AfAm,full_siblings,356,34,59.48509951068388
AfAm,full_siblings,357,34,72.18384357480691
AfAm,full_siblings,358,35,60.321498386453534
AfAm,full_siblings,359,31,61.897368803954834
AfAm,full_siblings,360,36,61.92300501693028
AfAm,full_siblings,361,31,56.90760427071617
AfAm,full_siblings,362,31,60.056322516852084
AfAm,full_siblings,363,40,60.929423624797295
AfAm,full_siblings,364,39,56.95277690472226
AfAm,full_siblings,365,28,64.62836845196915
AfAm,full_siblings,366,38,55.432213104044266
AfAm,full_siblings,367,36,62.57396417490645
AfAm,full_siblings,368,33,62.177031804557345
AfAm,full_siblings,369,36,64.31413612562555
AfAm,full_siblings,370,33,62.32693201008527
AfAm,full_siblings,371,33,71.31792151042904
AfAm,full_siblings,372,28,68.85913938326054
AfAm,full_siblings,373,30,60.96796122625886
AfAm,full_siblings,374,32,68.43555954240732
AfAm,full_siblings,375,30,60.65941579734714
AfAm,full_siblings,376,36,60.59613819443833
AfAm,full_siblings,377,33,67.81738356501747
AfAm,full_siblings,378,32,57.12954798374063
AfAm,full_siblings,379,31,57.28848379090988
AfAm,full_siblings,380,35,68.6714119917727
AfAm,full_siblings,381,37,63.80356910333231
AfAm,full_siblings,382,37,61.62951150158143
AfAm,full_siblings,383,32,65.63737386977465
AfAm,full_siblings,384,36,64.47988526257377
AfAm,full_siblings,385,33,58.51788514210201
AfAm,full_siblings,386,34,64.70828511311873
AfAm,full_siblings,387,29,58.68598594283706
AfAm,full_siblings,388,32,64.15404139328288
AfAm,full_siblings,389,35,62.09427523862534
AfAm,full_siblings,390,33,57.733212649209776
AfAm,full_siblings,391,33,63.58091288104194
AfAm,full_siblings,392,37,63.84003235813135
AfAm,full_siblings,393,35,61.69633293969739
AfAm,full_siblings,394,33,61.46292431964785
AfAm,full_siblings,395,35,60.96301043778181
AfAm,full_siblings,396,33,60.09962195364973
AfAm,full_siblings,397,34,60.929282720453244
AfAm,full_siblings,398,35,68.87817910140689
AfAm,full_siblings,399,37,64.1931347702629
AfAm,full_siblings,400,36,61.0901117841681
AfAm,full_siblings,401,31,60.24253144327319
AfAm,full_siblings,402,37,59.58409136917329
AfAm,full_siblings,403,28,70.85125397081413
AfAm,full_siblings,404,32,71.69357213874964
AfAm,full_siblings,405,36,60.33250154063641
AfAm,full_siblings,406,36,60.53939020538208
AfAm,full_siblings,407,29,66.6680605139445
AfAm,full_siblings,408,30,59.88327289162773
AfAm,full_siblings,409,38,67.93668280245082
AfAm,full_siblings,410,36,57.43998394432458
AfAm,full_siblings,411,33,59.304254099613026
AfAm,full_siblings,412,36,62.513334247485886
AfAm,full_siblings,413,35,66.61847268371015
AfAm,full_siblings,414,33,61.15485466986264
AfAm,full_siblings,415,35,61.862900313533146
AfAm,full_siblings,416,34,54.96369114802981
AfAm,full_siblings,417,32,63.16801204712707
AfAm,full_siblings,418,30,64.01626738386719
AfAm,full_siblings,419,33,61.7621606229911
AfAm,full_siblings,420,31,66.553787971981
AfAm,full_siblings,421,42,61.17206984964083
AfAm,full_siblings,422,28,61.45761768424845
AfAm,full_siblings,423,32,57.49127515088547
AfAm,full_siblings,424,36,60.75261259273089
AfAm,full_siblings,425,33,63.94517789477988
AfAm,full_siblings,426,32,56.47555368808916
AfAm,full_siblings,427,38,66.17414073110332
AfAm,full_siblings,428,35,63.596115861035145
AfAm,full_siblings,429,34,57.115151374511655
AfAm,full_siblings,430,33,62.92826600489783
AfAm,full_siblings,431,40,61.021973206677806
AfAm,full_siblings,432,35,67.80163736193226
AfAm,full_siblings,433,31,53.89545970534922
AfAm,full_siblings,434,42,55.99083176036283
AfAm,full_siblings,435,35,63.733083564788195
AfAm,full_siblings,436,44,64.32296775043544
AfAm,full_siblings,437,28,65.14598493256298
AfAm,full_siblings,438,39,61.814448916669626
AfAm,full_siblings,439,34,68.70441297312972
AfAm,full_siblings,440,43,67.34699174029464
AfAm,full_siblings,441,42,59.045080417770016
AfAm,full_siblings,442,37,54.755018597174605
AfAm,full_siblings,443,35,60.06165716252991
AfAm,full_siblings,444,35,61.64666486725819
AfAm,full_siblings,445,31,60.32815972983505
AfAm,full_siblings,446,37,55.90093643906087
AfAm,full_siblings,447,36,55.825937357827556
AfAm,full_siblings,448,36,60.53967270606176
AfAm,full_siblings,449,37,62.25378333944517
AfAm,full_siblings,450,37,68.10275119430501
AfAm,full_siblings,451,33,60.2788243465916
AfAm,full_siblings,452,39,61.54372919098549
AfAm,full_siblings,453,32,59.929973444675866
AfAm,full_siblings,454,33,63.308790233813674
AfAm,full_siblings,455,31,64.76635582904188
AfAm,full_siblings,456,36,67.76410285264828
AfAm,full_siblings,457,29,63.88413995261789
AfAm,full_siblings,458,35,56.58096317766089
AfAm,full_siblings,459,33,62.651823176451245
AfAm,full_siblings,460,40,59.542942917410485
AfAm,full_siblings,461,32,57.038491707844706
AfAm,full_siblings,462,32,57.03552862614245
AfAm,full_siblings,463,29,59.99678857209068
AfAm,full_siblings,464,35,65.44224525309443
AfAm,full_siblings,465,29,61.37678186652557
AfAm,full_siblings,466,32,61.8429599014969
AfAm,full_siblings,467,28,60.716166067328494
AfAm,full_siblings,468,34,56.8469969390427
AfAm,full_siblings,469,32,55.30830428880902
AfAm,full_siblings,470,34,64.39875505120506
AfAm,full_siblings,471,36,75.7165801829985
AfAm,full_siblings,472,36,65.62539472250975
AfAm,full_siblings,473,33,67.26871709757489
AfAm,full_siblings,474,34,62.613655092035074
AfAm,full_siblings,475,28,68.57131263197783
AfAm,full_siblings,476,37,58.949355036630834
AfAm,full_siblings,477,34,70.01755441432135
AfAm,full_siblings,478,34,60.565390868222
AfAm,full_siblings,479,33,64.02305787892469
AfAm,full_siblings,480,35,65.28281242799903
AfAm,full_siblings,481,34,60.32921172065734
AfAm,full_siblings,482,33,62.760612564323075
AfAm,full_siblings,483,32,65.09366240727569
AfAm,full_siblings,484,30,69.52333121082555
AfAm,full_siblings,485,34,63.239958315630055
AfAm,full_siblings,486,38,57.87004683248633
AfAm,full_siblings,487,31,63.381710636069506
AfAm,full_siblings,488,34,61.02943412549598
AfAm,full_siblings,489,34,63.50691062611217
AfAm,full_siblings,490,36,60.57141055331655
AfAm,full_siblings,491,36,64.10435621270581
AfAm,full_siblings,492,31,59.98951780027098
AfAm,full_siblings,493,36,58.80294868298006
AfAm,full_siblings,494,34,63.62995289892871
AfAm,full_siblings,495,32,66.97986355779376
AfAm,full_siblings,496,34,59.35821284405802
AfAm,full_siblings,497,38,59.159826233789104
AfAm,full_siblings,498,36,59.283006296957275
AfAm,full_siblings,499,33,65.35146971768302
AfAm,full_siblings,500,36,52.92619025238353
AfAm,half_siblings,1,24,20.150027913884507
AfAm,half_siblings,2,30,27.989995648251067
AfAm,half_siblings,3,24,26.240275273544313
AfAm,half_siblings,4,21,12.485521421884677
AfAm,half_siblings,5,21,19.538491677855696
AfAm,half_siblings,6,24,23.230774697821175
AfAm,half_siblings,7,25,31.00100502901406
AfAm,half_siblings,8,26,31.04383812714701
AfAm,half_siblings,9,22,22.721770541359994
AfAm,half_siblings,10,24,23.665929731145486
AfAm,half_siblings,11,29,22.729838589133582
AfAm,half_siblings,12,27,27.537734955334347
AfAm,half_siblings,13,22,22.01029107021749
AfAm,half_siblings,14,26,27.306024109540935
AfAm,half_siblings,15,21,19.659362273612732
AfAm,half_siblings,16,29,30.67476784101735
AfAm,half_siblings,17,26,26.201136330520427
AfAm,half_siblings,18,27,27.71700155225253
AfAm,half_siblings,19,22,19.786535464552923
AfAm,half_siblings,20,25,22.515227003737785
AfAm,half_siblings,21,28,31.627704898063286
AfAm,half_siblings,22,25,21.682027679480406
AfAm,half_siblings,23,26,25.97882992082626
AfAm,half_siblings,24,27,18.33866912480761
AfAm,half_siblings,25,24,11.228919423514618
AfAm,half_siblings,26,24,26.09193902008827
AfAm,half_siblings,27,20,14.214487415038006
AfAm,half_siblings,28,26,32.07871165730251
AfAm,half_siblings,29,26,25.75873045832154
AfAm,half_siblings,30,29,28.177824834173506
AfAm,half_siblings,31,23,20.464494771289925
AfAm,half_siblings,32,21,18.329155082069637
AfAm,half_siblings,33,21,17.61878184830687
AfAm,half_siblings,34,29,40.679518895318694
AfAm,half_siblings,35,21,18.12391572145226
AfAm,half_siblings,36,22,19.230089633458103
AfAm,half_siblings,37,22,25.976819201008748
AfAm,half_siblings,38,22,9.667929561519427
AfAm,half_siblings,39,26,32.897027375187214
AfAm,half_siblings,40,28,23.44254424232433
AfAm,half_siblings,41,28,31.951918149042335
AfAm,half_siblings,42,26,21.76062823735576
AfAm,half_siblings,43,28,21.896896114054254
AfAm,half_siblings,44,26,34.129576870847885
AfAm,half_siblings,45,29,26.61715246626766
AfAm,half_siblings,46,28,30.282002198323244
AfAm,half_siblings,47,26,31.866092113308866
AfAm,half_siblings,48,29,25.021292569936207
AfAm,half_siblings,49,22,24.43198353198732
AfAm,half_siblings,50,29,25.26966050843004
AfAm,half_siblings,51,19,15.353842802102267
AfAm,half_siblings,52,27,22.990042059806278
AfAm,half_siblings,53,27,26.491653128350226
AfAm,half_siblings,54,26,21.43567149561016
AfAm,half_siblings,55,28,30.891031217381354
AfAm,half_siblings,56,27,24.13971957250418
AfAm,half_siblings,57,20,14.917055548026063
AfAm,half_siblings,58,26,29.59281512564262
AfAm,half_siblings,59,23,22.565392720941396
AfAm,half_siblings,60,23,23.217145365717702
AfAm,half_siblings,61,22,17.39519564910331
AfAm,half_siblings,62,26,28.30407681225211
AfAm,half_siblings,63,23,20.960099666855633
AfAm,half_siblings,64,24,21.713665224309334
AfAm,half_siblings,65,22,13.13583776485449
AfAm,half_siblings,66,27,19.291822915276757
AfAm,half_siblings,67,25,29.885174569831534
AfAm,half_siblings,68,28,14.974260186176966
AfAm,half_siblings,69,25,24.301568166288146
AfAm,half_siblings,70,26,23.20483957770665
AfAm,half_siblings,71,25,23.17699026044418
AfAm,half_siblings,72,29,19.661385505655925
AfAm,half_siblings,73,22,16.904237079814923
AfAm,half_siblings,74,24,20.496541306867332
AfAm,half_siblings,75,29,25.45839625953932
AfAm,half_siblings,76,24,23.892478607432665
AfAm,half_siblings,77,25,25.6740226874196
AfAm,half_siblings,78,23,16.12549068854949
AfAm,half_siblings,79,24,26.331260093440054
AfAm,half_siblings,80,22,24.529482801448918
AfAm,half_siblings,81,30,29.48501952885676
AfAm,half_siblings,82,21,20.927768800749497
AfAm,half_siblings,83,25,24.10550135700003
AfAm,half_siblings,84,27,22.158561186481545
AfAm,half_siblings,85,24,24.32601316175425
AfAm,half_siblings,86,23,18.184940398079164
AfAm,half_siblings,87,27,33.601509850022516
AfAm,half_siblings,88,26,20.401221440907662
AfAm,half_siblings,89,25,26.156996653325177
AfAm,half_siblings,90,29,22.776618147794238
AfAm,half_siblings,91,28,21.3446944223841
AfAm,half_siblings,92,24,20.920534746714853
AfAm,half_siblings,93,25,29.0076860012667
AfAm,half_siblings,94,26,24.184539103503262
AfAm,half_siblings,95,27,19.48493707955329
AfAm,half_siblings,96,22,17.314055210967325
AfAm,half_siblings,97,27,19.58209559226398
AfAm,half_siblings,98,27,24.141024369382773
AfAm,half_siblings,99,26,29.272258593492722
AfAm,half_siblings,100,25,30.662332622847043
AfAm,half_siblings,101,20,19.563027635127042
AfAm,half_siblings,102,22,16.008779859508298
AfAm,half_siblings,103,27,23.6236105584068
AfAm,half_siblings,104,22,21.038833302170296
AfAm,half_siblings,105,26,23.6313693867971
AfAm,half_siblings,106,32,28.480942500799433
AfAm,half_siblings,107,26,18.95101248280662
AfAm,half_siblings,108,26,25.81979388940731
AfAm,half_siblings,109,24,17.455256352774907
AfAm,half_siblings,110,27,15.326027390748887
AfAm,half_siblings,111,22,20.73182781848985
AfAm,half_siblings,112,24,18.912112793963463
AfAm,half_siblings,113,28,29.608823675349182
AfAm,half_siblings,114,25,28.200364874921494
AfAm,half_siblings,115,22,14.250188153330853
AfAm,half_siblings,116,22,20.02057030364711
AfAm,half_siblings,117,24,23.516733729429866
AfAm,half_siblings,118,25,24.009167142034944
AfAm,half_siblings,119,23,28.503842988118187
AfAm,half_siblings,120,27,26.35786029880691
AfAm,half_siblings,121,29,22.30452609960703
AfAm,half_siblings,122,24,28.76525225656806
AfAm,half_siblings,123,20,17.364779073724712
AfAm,half_siblings,124,30,30.45035237982336
AfAm,half_siblings,125,31,35.783232390579784
AfAm,half_siblings,126,25,15.898994253584716
AfAm,half_siblings,127,25,23.849790952252526
AfAm,half_siblings,128,28,21.050739654757443
AfAm,half_siblings,129,22,21.308012402958227
AfAm,half_siblings,130,27,29.397290839381384
AfAm,half_siblings,131,25,27.724597624861836
AfAm,half_siblings,132,29,24.671902482784212
AfAm,half_siblings,133,28,30.273987067288573
AfAm,half_siblings,134,26,15.886175215193179
AfAm,half_siblings,135,23,19.499878195584117
AfAm,half_siblings,136,23,22.50723548066656
AfAm,half_siblings,137,24,21.17447089433989
AfAm,half_siblings,138,26,20.00916684597806
AfAm,half_siblings,139,27,17.024983338133627
AfAm,half_siblings,140,25,23.798237181146717
AfAm,half_siblings,141,29,23.82619034868941
AfAm,half_siblings,142,28,28.685234727565366
AfAm,half_siblings,143,26,25.223793327530426
AfAm,half_siblings,144,21,19.15155945941316
AfAm,half_siblings,145,25,27.294954645233403
AfAm,half_siblings,146,29,27.24194211336356
AfAm,half_siblings,147,24,21.875586581123024
AfAm,half_siblings,148,28,35.23722665868173
AfAm,half_siblings,149,30,23.113955870649058
AfAm,half_siblings,150,21,22.600423429867515
AfAm,half_siblings,151,23,14.675175930330031
AfAm,half_siblings,152,20,17.056721876917635
AfAm,half_siblings,153,21,20.811435596513075
AfAm,half_siblings,154,26,23.9011918963969
AfAm,half_siblings,155,26,29.244459742974364
AfAm,half_siblings,156,30,27.62534031744815
AfAm,half_siblings,157,26,18.272379932147203
AfAm,half_siblings,158,24,18.42319080962134
AfAm,half_siblings,159,19,15.806136846243492
AfAm,half_siblings,160,24,12.868804325816118
AfAm,half_siblings,161,26,24.577747699594536
AfAm,half_siblings,162,21,21.24500826273471
AfAm,half_siblings,163,23,22.01935614661315
AfAm,half_siblings,164,27,23.701995066658235
AfAm,half_siblings,165,28,26.3159998167155
AfAm,half_siblings,166,21,12.245029247141439
AfAm,half_siblings,167,22,16.786415302249786
AfAm,half_siblings,168,26,24.98701618663775
AfAm,half_siblings,169,26,25.514223008469628
AfAm,half_siblings,170,26,26.4910441765694
AfAm,half_siblings,171,24,22.1695119552801
AfAm,half_siblings,172,28,27.783231622263262
AfAm,half_siblings,173,22,20.301753731008013
AfAm,half_siblings,174,22,17.021059698177393
AfAm,half_siblings,175,31,31.075644312058024
AfAm,half_siblings,176,28,17.879229495566104
AfAm,half_siblings,177,22,16.046125690544482
AfAm,half_siblings,178,24,25.68206777381053
AfAm,half_siblings,179,25,24.043267347801013
AfAm,half_siblings,180,24,21.793671011853313
AfAm,half_siblings,181,24,26.876171045445975
AfAm,half_siblings,182,27,25.819301233240793
AfAm,half_siblings,183,24,26.22263199180268
AfAm,half_siblings,184,26,25.683818175367584
AfAm,half_siblings,185,29,29.717162215778405
AfAm,half_siblings,186,28,19.30308641835493
AfAm,half_siblings,187,24,23.579441262674937
AfAm,half_siblings,188,24,21.479477509062114
AfAm,half_siblings,189,20,12.220078090469327
AfAm,half_siblings,190,21,17.747681860962626
AfAm,half_siblings,191,25,25.61934675151668
AfAm,half_siblings,192,27,24.473239604085638
AfAm,half_siblings,193,26,20.53886144971125
AfAm,half_siblings,194,25,26.449857505256475
AfAm,half_siblings,195,24,15.722915503110011
AfAm,half_siblings,196,26,23.856589340585366
AfAm,half_siblings,197,26,30.034104612753552
AfAm,half_siblings,198,24,17.060123484557657
AfAm,half_siblings,199,27,14.9601136023723
AfAm,half_siblings,200,23,29.052365807202523
AfAm,half_siblings,201,22,18.65157742309247
AfAm,half_siblings,202,28,23.323862023685972
AfAm,half_siblings,203,29,27.183934683626386
AfAm,half_siblings,204,24,17.53359864759467
AfAm,half_siblings,205,29,27.461783593841265
AfAm,half_siblings,206,21,18.929393469898127
AfAm,half_siblings,207,25,20.320967394190724
AfAm,half_siblings,208,26,22.449902402779177
AfAm,half_siblings,209,27,29.906922855915116
AfAm,half_siblings,210,28,27.313777608771417
AfAm,half_siblings,211,28,20.133211057163297
AfAm,half_siblings,212,26,18.329781315978494
AfAm,half_siblings,213,25,32.231042500818035
AfAm,half_siblings,214,24,25.14052316617406
AfAm,half_siblings,215,22,22.62543456710745
AfAm,half_siblings,216,22,18.18966051263922
AfAm,half_siblings,217,21,20.6589825607796
AfAm,half_siblings,218,29,24.252689647403994
AfAm,half_siblings,219,20,17.7552661373233
AfAm,half_siblings,220,27,28.82000090648603
AfAm,half_siblings,221,26,22.37855546973784
AfAm,half_siblings,222,25,18.407306903174607
AfAm,half_siblings,223,27,21.618537750733584
AfAm,half_siblings,224,26,28.423341524691274
AfAm,half_siblings,225,22,22.48894180707378
AfAm,half_siblings,226,23,12.148934736005847
AfAm,half_siblings,227,26,23.5138276463792
AfAm,half_siblings,228,29,24.432626427880063
AfAm,half_siblings,229,18,14.746967025238689
AfAm,half_siblings,230,27,28.368874384663737
AfAm,half_siblings,231,24,22.975635670927293
AfAm,half_siblings,232,32,30.363030482073853
AfAm,half_siblings,233,27,23.659019481588565
AfAm,half_siblings,234,21,18.998565944549195
AfAm,half_siblings,235,28,32.06492712219564
AfAm,half_siblings,236,25,25.78095586288375
AfAm,half_siblings,237,20,12.670674217353655
AfAm,half_siblings,238,24,22.81600570465981
AfAm,half_siblings,239,21,21.781095953853495
AfAm,half_siblings,240,27,28.330814775285322
AfAm,half_siblings,241,25,22.519206845089506
AfAm,half_siblings,242,31,29.545039955540496
AfAm,half_siblings,243,27,27.828884086469753
AfAm,half_siblings,244,23,16.69966190468073
AfAm,half_siblings,245,24,17.741006425585333
AfAm,half_siblings,246,24,28.989744684248087
AfAm,half_siblings,247,26,21.494816052043838
AfAm,half_siblings,248,28,24.40223999305565
AfAm,half_siblings,249,25,27.459868841112282
AfAm,half_siblings,250,21,20.249036733003983
AfAm,half_siblings,251,25,27.08119026557704
AfAm,half_siblings,252,24,22.330980402830047
AfAm,half_siblings,253,25,22.29179026036982
AfAm,half_siblings,254,25,23.652708402163544
AfAm,half_siblings,255,25,15.648785950409259
AfAm,half_siblings,256,23,24.842710493080943
AfAm,half_siblings,257,20,22.43968093732292
AfAm,half_siblings,258,32,28.848263963768794
AfAm,half_siblings,259,25,10.342047088498411
AfAm,half_siblings,260,21,14.36475072025313
AfAm,half_siblings,261,27,32.70186587179612
AfAm,half_siblings,262,25,26.1174892544892
AfAm,half_siblings,263,27,23.489339036928314
AfAm,half_siblings,264,21,15.59278620510849
AfAm,half_siblings,265,19,15.177137970535783
AfAm,half_siblings,266,28,24.372854632038997
AfAm,half_siblings,267,23,23.55925473599859
AfAm,half_siblings,268,22,20.844115421323988
AfAm,half_siblings,269,21,21.441172510641255
AfAm,half_siblings,270,25,16.08065083264611
AfAm,half_siblings,271,29,39.345524092742465
AfAm,half_siblings,272,26,24.97988789426781
AfAm,half_siblings,273,21,17.79038473734089
AfAm,half_siblings,274,25,18.44680295561821
AfAm,half_siblings,275,24,13.83339004718677
AfAm,half_siblings,276,21,17.06519605863438
AfAm,half_siblings,277,25,27.790299058591245
AfAm,half_siblings,278,25,19.67824366960752
AfAm,half_siblings,279,23,15.216887579076005
AfAm,half_siblings,280,29,21.870589474192656
AfAm,half_siblings,281,26,20.60729868775298
AfAm,half_siblings,282,25,22.00020201931515
AfAm,half_siblings,283,23,29.857078127721014
AfAm,half_siblings,284,29,27.963184940886222
AfAm,half_siblings,285,26,25.953945887479556
AfAm,half_siblings,286,21,21.928331809485414
AfAm,half_siblings,287,24,20.29515402702058
AfAm,half_siblings,288,24,22.365869871895875
AfAm,half_siblings,289,24,29.749156345394752
AfAm,half_siblings,290,26,21.476806232596054
AfAm,half_siblings,291,26,18.041893699757175
AfAm,half_siblings,292,24,17.89508168281244
AfAm,half_siblings,293,28,30.653787842909697
AfAm,half_siblings,294,27,27.694668619657627
AfAm,half_siblings,295,23,17.92316058571784
AfAm,half_siblings,296,29,30.881329042294396
AfAm,half_siblings,297,26,28.818847048298842
AfAm,half_siblings,298,24,31.18796860525403
AfAm,half_siblings,299,26,27.61033566862251
AfAm,half_siblings,300,25,25.336114087278908
AfAm,half_siblings,301,24,28.895103899688444
AfAm,half_siblings,302,28,20.741389306794186
AfAm,half_siblings,303,28,25.27451788996803
AfAm,half_siblings,304,27,36.580280098491315
AfAm,half_siblings,305,30,34.90548936947429
AfAm,half_siblings,306,30,24.890934885044622
AfAm,half_siblings,307,28,20.621622025969597
AfAm,half_siblings,308,22,17.695278526401474
AfAm,half_siblings,309,28,33.75136840428526
AfAm,half_siblings,310,25,27.143869568992578
AfAm,half_siblings,311,24,27.01754080364421
AfAm,half_siblings,312,20,18.182152910359168
AfAm,half_siblings,313,24,12.946238331961142
AfAm,half_siblings,314,34,35.469114645838886
AfAm,half_siblings,315,31,37.15560042355088
AfAm,half_siblings,316,25,21.00128178186592
AfAm,half_siblings,317,23,11.26876461576219
AfAm,half_siblings,318,26,24.623406493541875
AfAm,half_siblings,319,28,27.265722177537217
AfAm,half_siblings,320,26,33.546752097471035
AfAm,half_siblings,321,22,19.12285578026897
AfAm,half_siblings,322,26,20.716050127758486
AfAm,half_siblings,323,24,18.775129299940605
AfAm,half_siblings,324,21,14.620142987885078
AfAm,half_siblings,325,28,33.0967532438164
AfAm,half_siblings,326,26,32.03813315511323
AfAm,half_siblings,327,21,18.386493625754753
AfAm,half_siblings,328,20,12.28754931515699
AfAm,half_siblings,329,22,11.80330040206926
AfAm,half_siblings,330,26,30.605265387071114
AfAm,half_siblings,331,22,22.962712757051133
AfAm,half_siblings,332,24,20.8583341614531
AfAm,half_siblings,333,27,20.676592847311834
AfAm,half_siblings,334,26,29.142355138554407
AfAm,half_siblings,335,24,20.409865755338934
AfAm,half_siblings,336,26,34.54294330110163
AfAm,half_siblings,337,32,27.755249214714187
AfAm,half_siblings,338,28,30.448514705870927
AfAm,half_siblings,339,24,17.514950248135957
AfAm,half_siblings,340,24,18.14870182631043
AfAm,half_siblings,341,25,26.729472704110673
AfAm,half_siblings,342,20,14.812177706838547
AfAm,half_siblings,343,33,35.750239588253926
AfAm,half_siblings,344,23,17.81128393035612
AfAm,half_siblings,345,28,32.27783854774741
AfAm,half_siblings,346,25,28.548511067692864
AfAm,half_siblings,347,28,22.731546387156577
AfAm,half_siblings,348,23,26.977295546935213
AfAm,half_siblings,349,28,25.82350007398462
AfAm,half_siblings,350,24,22.478369380221825
AfAm,half_siblings,351,25,21.824979372228505
AfAm,half_siblings,352,26,27.42549804938144
AfAm,half_siblings,353,28,25.445090988016656
AfAm,half_siblings,354,21,24.643190191772284
AfAm,half_siblings,355,25,22.4842999193814
AfAm,half_siblings,356,24,20.9546876165392
AfAm,half_siblings,357,27,22.990471003598973
AfAm,half_siblings,358,25,30.780178908109953
AfAm,half_siblings,359,26,28.410008443005555
AfAm,half_siblings,360,25,23.27174396244687
AfAm,half_siblings,361,24,21.653495472751324
AfAm,half_siblings,362,28,30.987822603059044
AfAm,half_siblings,363,21,19.21471985969944
AfAm,half_siblings,364,23,24.181729619688713
AfAm,half_siblings,365,25,25.244623270648187
AfAm,half_siblings,366,25,26.08217577289152
AfAm,half_siblings,367,24,20.433757931303504
AfAm,half_siblings,368,23,23.914172053181034
AfAm,half_siblings,369,26,22.46938394343306
AfAm,half_siblings,370,22,17.666200356957642
AfAm,half_siblings,371,24,20.78211005275037
AfAm,half_siblings,372,21,18.472161985478074
AfAm,half_siblings,373,28,25.50276393334363
AfAm,half_siblings,374,25,31.540059493611537
AfAm,half_siblings,375,20,16.735017483755254
AfAm,half_siblings,376,25,24.19465945366618
AfAm,half_siblings,377,26,22.057712516502868
AfAm,half_siblings,378,26,24.321946368381344
AfAm,half_siblings,379,20,14.393546969441223
AfAm,half_siblings,380,25,25.20386316545656
AfAm,half_siblings,381,34,34.614121716728775
AfAm,half_siblings,382,27,29.497550297407862
AfAm,half_siblings,383,28,23.42475077748709
AfAm,half_siblings,384,31,25.39963450018122
AfAm,half_siblings,385,26,16.88604106408342
AfAm,half_siblings,386,26,23.326094781092593
AfAm,half_siblings,387,23,16.315147674057396
AfAm,half_siblings,388,28,31.27380540398692
AfAm,half_siblings,389,29,19.35283467327542
AfAm,half_siblings,390,25,25.62598745281356
AfAm,half_siblings,391,22,17.611948276068198
AfAm,half_siblings,392,25,19.400943611229756
AfAm,half_siblings,393,28,28.576373467677286
AfAm,half_siblings,394,25,23.258252711500404
AfAm,half_siblings,395,23,26.58410194194993
AfAm,half_siblings,396,31,30.9065738604166
AfAm,half_siblings,397,24,22.12309204113224
AfAm,half_siblings,398,26,20.564964133451625
AfAm,half_siblings,399,26,24.988487328653754
AfAm,half_siblings,400,20,25.855778630577454
AfAm,half_siblings,401,23,25.790852100864576
AfAm,half_siblings,402,30,26.465205439846002
AfAm,half_siblings,403,23,19.251388873373248
AfAm,half_siblings,404,33,28.21230274738664
AfAm,half_siblings,405,25,24.478256795042768
AfAm,half_siblings,406,21,18.663612250462844
AfAm,half_siblings,407,24,14.845029499759871
AfAm,half_siblings,408,24,22.500540928909338
AfAm,half_siblings,409,25,27.340655916178235
AfAm,half_siblings,410,28,23.068164879216397
AfAm,half_siblings,411,23,20.118773873174273
AfAm,half_siblings,412,23,17.613803322291616
AfAm,half_siblings,413,23,16.66187066969334
AfAm,half_siblings,414,23,22.609755621459325
AfAm,half_siblings,415,23,17.963750486767125
AfAm,half_siblings,416,28,21.564887475239136
AfAm,half_siblings,417,29,23.590471949501065
AfAm,half_siblings,418,25,28.1389121745641
AfAm,half_siblings,419,27,22.125073937732157
AfAm,half_siblings,420,23,21.85620080065723
AfAm,half_siblings,421,24,22.296030258266278
AfAm,half_siblings,422,26,28.854500066752188
AfAm,half_siblings,423,28,31.739481948344505
AfAm,half_siblings,424,21,18.973434047045778
AfAm,half_siblings,425,25,22.115609500198104
AfAm,half_siblings,426,23,17.194978581484712
AfAm,half_siblings,427,27,21.06508927710434
AfAm,half_siblings,428,27,23.84540077612806
AfAm,half_siblings,429,24,24.820853777770644
AfAm,half_siblings,430,21,28.912821254800168
AfAm,half_siblings,431,21,8.708315139209951
AfAm,half_siblings,432,25,28.2054206861096
AfAm,half_siblings,433,27,24.794647740459837
AfAm,half_siblings,434,25,27.935580551272597
AfAm,half_siblings,435,29,22.51885953991693
AfAm,half_siblings,436,22,8.151561974737353
AfAm,half_siblings,437,24,21.68131991005316
AfAm,half_siblings,438,25,28.740528926134726
AfAm,half_siblings,439,29,24.4328099859889
AfAm,half_siblings,440,27,23.367908850720763
AfAm,half_siblings,441,25,21.657202422732475
AfAm,half_siblings,442,23,25.920415598313184
AfAm,half_siblings,443,24,20.95949213828614
AfAm,half_siblings,444,26,17.71040435001633
AfAm,half_siblings,445,23,22.216526951356407
AfAm,half_siblings,446,25,23.413264784469703
AfAm,half_siblings,447,28,25.732540535478876
AfAm,half_siblings,448,21,15.7573536559759
AfAm,half_siblings,449,28,16.294235783806556
AfAm,half_siblings,450,26,28.027442003398146
AfAm,half_siblings,451,25,17.760721077510745
AfAm,half_siblings,452,18,17.906014326722815
AfAm,half_siblings,453,25,21.567414411965256
AfAm,half_siblings,454,20,14.071659403073786
AfAm,half_siblings,455,26,30.73756621093696
AfAm,half_siblings,456,22,18.119026418369355
AfAm,half_siblings,457,23,18.92476975898414
AfAm,half_siblings,458,31,27.953093333256643
AfAm,half_siblings,459,24,16.310976640583938
AfAm,half_siblings,460,24,12.729260855606254
AfAm,half_siblings,461,24,22.809182309478608
AfAm,half_siblings,462,23,28.011512278327476
AfAm,half_siblings,463,23,17.007340061755208
AfAm,half_siblings,464,21,16.34040156529696
AfAm,half_siblings,465,23,22.345317955984008
AfAm,half_siblings,466,29,35.190107710166494
AfAm,half_siblings,467,25,20.684687832256966
AfAm,half_siblings,468,27,25.948149890060034
AfAm,half_siblings,469,28,26.432427254241656
AfAm,half_siblings,470,22,19.825365810250474
AfAm,half_siblings,471,28,24.62298555577398
AfAm,half_siblings,472,25,26.173783401512328
AfAm,half_siblings,473,24,28.855883820846298
AfAm,half_siblings,474,31,24.232888555532174
AfAm,half_siblings,475,26,25.021394820010197
AfAm,half_siblings,476,30,27.9453038378951
AfAm,half_siblings,477,20,19.121799559732082
AfAm,half_siblings,478,26,21.93455475596098
AfAm,half_siblings,479,14,8.76220345523814
AfAm,half_siblings,480,23,14.612974724863287
AfAm,half_siblings,481,24,18.430786022889382
AfAm,half_siblings,482,23,17.596065027039696
AfAm,half_siblings,483,27,25.630899934332593
AfAm,half_siblings,484,23,23.920228644624576
AfAm,half_siblings,485,25,24.169237199143403
AfAm,half_siblings,486,27,38.33327019707053
AfAm,half_siblings,487,22,26.460722043412638
AfAm,half_siblings,488,26,21.95209211213298
AfAm,half_siblings,489,24,21.346202275952848
AfAm,half_siblings,490,23,15.684942399480716
AfAm,half_siblings,491,22,17.64904403274456
AfAm,half_siblings,492,25,18.950130285830745
AfAm,half_siblings,493,23,20.780800917158658
AfAm,half_siblings,494,29,23.278823272537817
AfAm,half_siblings,495,31,27.507771666034493
AfAm,half_siblings,496,26,24.3433073889567
AfAm,half_siblings,497,19,12.378563944945842
AfAm,half_siblings,498,24,27.25876703860094
AfAm,half_siblings,499,21,17.76110843069228
AfAm,half_siblings,500,25,33.27320845124642
AfAm,cousins,1,22,8.75841352665642
AfAm,cousins,2,18,4.649576478946907
AfAm,cousins,3,18,3.4631975612803982
AfAm,cousins,4,19,5.148600822338704
AfAm,cousins,5,20,7.555396399939375
AfAm,cousins,6,17,4.29890055341945
AfAm,cousins,7,13,2.2846468758065197
AfAm,cousins,8,20,6.842251647100123
AfAm,cousins,9,21,5.875868827343308
AfAm,cousins,10,17,9.871359534597033
AfAm,cousins,11,18,4.997489800620922
AfAm,cousins,12,15,4.887253250150804
AfAm,cousins,13,17,5.160265109099404
AfAm,cousins,14,14,4.594658663318536
AfAm,cousins,15,18,5.724393872130507
AfAm,cousins,16,17,6.28776738476854
AfAm,cousins,17,19,6.352285297757091
AfAm,cousins,18,21,9.025274783106273
AfAm,cousins,19,21,9.325443895685003
AfAm,cousins,20,19,6.891742611765606
AfAm,cousins,21,26,10.326608588581013
AfAm,cousins,22,21,8.617211107313794
AfAm,cousins,23,23,8.1287102649649
AfAm,cousins,24,18,8.923721474656134
AfAm,cousins,25,13,5.2915394560069275
AfAm,cousins,26,18,4.5051590151832555
AfAm,cousins,27,19,7.775030959013899
AfAm,cousins,28,17,3.8400321842789253
AfAm,cousins,29,20,5.629413204607957
AfAm,cousins,30,21,5.219929647006697
AfAm,cousins,31,21,8.60014632213657
AfAm,cousins,32,15,3.661817399319855
AfAm,cousins,33,22,9.480987986559546
AfAm,cousins,34,18,2.502054118448476
AfAm,cousins,35,18,5.7109443110997855
AfAm,cousins,36,20,8.570173857721194
AfAm,cousins,37,22,7.366753402658524
AfAm,cousins,38,21,7.002352839029083
AfAm,cousins,39,15,5.582338309035749
AfAm,cousins,40,16,7.2522603096292615
AfAm,cousins,41,20,6.409682620268332
AfAm,cousins,42,18,5.591385655210803
AfAm,cousins,43,18,6.465119226099712
AfAm,cousins,44,20,6.658753349759921
AfAm,cousins,45,17,3.35508216315164
AfAm,cousins,46,14,2.1949135845545897
AfAm,cousins,47,22,7.054565005811439
AfAm,cousins,48,19,7.6773591306364954
AfAm,cousins,49,19,3.743690996166953
AfAm,cousins,50,21,3.841289859223979
AfAm,cousins,51,18,9.594758196652117
AfAm,cousins,52,20,7.846054095415841
AfAm,cousins,53,24,10.44115591276946
AfAm,cousins,54,16,4.095653526322673
AfAm,cousins,55,19,5.46011510518908
AfAm,cousins,56,20,8.025078026056056
AfAm,cousins,57,14,4.9414037707987
AfAm,cousins,58,21,6.6712033623534195
AfAm,cousins,59,18,5.442878784672689
AfAm,cousins,60,17,6.592965007415866
AfAm,cousins,61,21,7.328063060239042
AfAm,cousins,62,22,7.278532641250751
AfAm,cousins,63,20,6.808987823087859
AfAm,cousins,64,20,7.892122910444684
AfAm,cousins,65,13,1.2117547192155294
AfAm,cousins,66,15,5.286746029273204
AfAm,cousins,67,21,6.71761644844528
AfAm,cousins,68,19,8.798144850866572
AfAm,cousins,69,19,6.787878541701695
AfAm,cousins,70,20,5.681483196021373
AfAm,cousins,71,15,8.249446873824446
AfAm,cousins,72,14,3.915028454633373
AfAm,cousins,73,15,2.7120358552518664
AfAm,cousins,74,21,7.247371352498743
AfAm,cousins,75,18,4.614063446121804
AfAm,cousins,76,19,7.0574110347282435
AfAm,cousins,77,23,6.005970032417232
AfAm,cousins,78,22,9.510076200176886
AfAm,cousins,79,26,5.96791583242954
AfAm,cousins,80,17,8.020475082907485
AfAm,cousins,81,19,7.037416253531062
AfAm,cousins,82,19,8.577578398611745
AfAm,cousins,83,20,9.199115969170851
AfAm,cousins,84,16,3.9976261296478386
AfAm,cousins,85,17,6.093260857846931
AfAm,cousins,86,12,2.4772208216575393
AfAm,cousins,87,20,6.166529393928969
AfAm,cousins,88,19,6.7007888178627555
AfAm,cousins,89,15,4.771889056757809
AfAm,cousins,90,21,5.6790840259364375
AfAm,cousins,91,18,6.412423497275719
AfAm,cousins,92,17,4.183687552895946
AfAm,cousins,93,24,9.13677398302393
AfAm,cousins,94,19,8.117004125753152
AfAm,cousins,95,15,2.8294172637117057
AfAm,cousins,96,14,3.1962792083645994
AfAm,cousins,97,18,5.795060282833444
AfAm,cousins,98,18,2.36765934644391
AfAm,cousins,99,17,5.191504397613409
AfAm,cousins,100,19,9.592977706673429
AfAm,cousins,101,21,6.798228639377954
AfAm,cousins,102,22,8.02094458458019
AfAm,cousins,103,21,7.935558793742609
AfAm,cousins,104,19,4.279129053516491
AfAm,cousins,105,19,5.051537195375178
AfAm,cousins,106,22,7.118204314814149
AfAm,cousins,107,16,6.298816367471982
AfAm,cousins,108,15,5.536637182405839
AfAm,cousins,109,20,5.857008806781158
AfAm,cousins,110,16,6.313419266111039
AfAm,cousins,111,14,3.5284001475841658
AfAm,cousins,112,18,6.490441505663431
AfAm,cousins,113,19,6.689927047756699
AfAm,cousins,114,21,8.258323123643741
AfAm,cousins,115,16,4.714581443852372
AfAm,cousins,116,17,5.983735791480381
AfAm,cousins,117,23,6.944047981663971
AfAm,cousins,118,17,5.13716687721882
AfAm,cousins,119,20,9.857202621675874
AfAm,cousins,120,17,4.998192271739967
AfAm,cousins,121,18,5.764058216551341
AfAm,cousins,122,19,6.602467376871209
AfAm,cousins,123,15,3.9008512851738746
AfAm,cousins,124,15,3.638417664325258
AfAm,cousins,125,21,7.597950839141838
AfAm,cousins,126,16,5.158713077261867
AfAm,cousins,127,15,4.076492147573909
AfAm,cousins,128,16,4.968195245170555
AfAm,cousins,129,16,7.94350620346081
AfAm,cousins,130,21,8.893442997264032
AfAm,cousins,131,19,6.551682605090111
AfAm,cousins,132,13,3.061214431400784
AfAm,cousins,133,24,7.55319277398116
AfAm,cousins,134,16,4.57818749338888
AfAm,cousins,135,21,8.674083660450288
AfAm,cousins,136,17,3.8762473319690103
AfAm,cousins,137,22,7.619621349365205
AfAm,cousins,138,17,7.661557198196764
AfAm,cousins,139,16,3.7937408957326806
AfAm,cousins,140,30,10.559460899287771
AfAm,cousins,141,22,9.00462966750276
AfAm,cousins,142,17,4.829017833913296
AfAm,cousins,143,20,11.744938591212025
AfAm,cousins,144,18,5.827163986631853
AfAm,cousins,145,22,6.471477779805687
AfAm,cousins,146,16,6.455434911306592
AfAm,cousins,147,22,8.7979703445958
AfAm,cousins,148,26,9.875483817504312
AfAm,cousins,149,22,6.524099723189798
AfAm,cousins,150,16,4.292659818067973
AfAm,cousins,151,16,7.276036427415206
AfAm,cousins,152,20,6.579280440640187
AfAm,cousins,153,21,11.592825010335106
AfAm,cousins,154,19,5.080831597186925
AfAm,cousins,155,21,9.081843905679412
AfAm,cousins,156,12,3.8403099867966386
AfAm,cousins,157,18,8.53931506457787
AfAm,cousins,158,20,6.443769332552712
AfAm,cousins,159,18,7.689328860767595
AfAm,cousins,160,14,1.0903323583227986
AfAm,cousins,161,18,6.94020224624103
AfAm,cousins,162,23,8.925942698166082
AfAm,cousins,163,21,5.851034843568765
AfAm,cousins,164,19,3.3260597744303957
AfAm,cousins,165,22,8.835123686085158
AfAm,cousins,166,15,4.2275950611492155
AfAm,cousins,167,15,3.468674018001137
AfAm,cousins,168,18,4.968451688194594
AfAm,cousins,169,19,10.290825636816995
AfAm,cousins,170,19,6.821889301660972
AfAm,cousins,171,17,4.223922016045527
AfAm,cousins,172,21,8.17650135618543
AfAm,cousins,173,22,9.12811766638683
AfAm,cousins,174,21,5.895850043352613
AfAm,cousins,175,15,5.258480669178728
AfAm,cousins,176,19,5.011160588544655
AfAm,cousins,177,22,7.849918170245624
AfAm,cousins,178,21,10.611427723851541
AfAm,cousins,179,18,5.343890245596425
AfAm,cousins,180,20,5.459126056130598
AfAm,cousins,181,19,8.058271730116616
AfAm,cousins,182,19,4.890114246487352
AfAm,cousins,183,16,7.005038887368431
AfAm,cousins,184,15,4.477173328280305
AfAm,cousins,185,28,7.330534927708457
AfAm,cousins,186,20,6.0316045637767255
AfAm,cousins,187,20,7.339279207341661
AfAm,cousins,188,16,3.1632345033217644
AfAm,cousins,189,18,5.204979165915584
AfAm,cousins,190,19,9.021658368327097
AfAm,cousins,191,13,4.776489874804669
AfAm,cousins,192,24,12.375329537078906
AfAm,cousins,193,12,3.565964620126789
AfAm,cousins,194,18,6.7319894679328645
AfAm,cousins,195,20,6.180410851591299
AfAm,cousins,196,17,8.157624444895147
AfAm,cousins,197,16,3.6530207739270555
AfAm,cousins,198,18,7.838312819980226
AfAm,cousins,199,18,4.05447972250885
AfAm,cousins,200,22,7.322813534311077
AfAm,cousins,201,21,13.513367062453069
AfAm,cousins,202,20,13.074509036764347
AfAm,cousins,203,16,3.003968385146788
AfAm,cousins,204,20,7.195306978099415
AfAm,cousins,205,22,7.970491949916066
AfAm,cousins,206,18,7.917266495459728
AfAm,cousins,207,19,5.648219971221001
AfAm,cousins,208,28,6.791716937908111
AfAm,cousins,209,16,3.3037036475734998
AfAm,cousins,210,22,7.115748398749885
AfAm,cousins,211,15,5.734539110500977
AfAm,cousins,212,19,6.153530947745759
AfAm,cousins,213,19,6.444176463996616
AfAm,cousins,214,21,8.26274803636573
AfAm,cousins,215,15,2.6115553315886464
AfAm,cousins,216,18,5.242026569348768
AfAm,cousins,217,17,5.678672795580885
AfAm,cousins,218,19,8.083264999056023
AfAm,cousins,219,19,7.424525723185571
AfAm,cousins,220,20,10.571234464796483
AfAm,cousins,221,20,7.615149701708791
AfAm,cousins,222,19,7.453624223689339
AfAm,cousins,223,19,7.123577738606645
AfAm,cousins,224,15,4.217065100604326
AfAm,cousins,225,16,6.34769195146269
AfAm,cousins,226,21,6.64318828777039
AfAm,cousins,227,18,6.83204942511345
AfAm,cousins,228,15,5.417848167628274
AfAm,cousins,229,16,4.085777863375889
AfAm,cousins,230,22,11.641373605280263
AfAm,cousins,231,24,7.5543742106831715
AfAm,cousins,232,20,5.912882210130991
AfAm,cousins,233,17,3.5379738256650533
AfAm,cousins,234,16,6.735152171276469
AfAm,cousins,235,18,5.771693750454212
AfAm,cousins,236,23,8.99540200668277
AfAm,cousins,237,17,4.2115138813696325
AfAm,cousins,238,15,6.382519952459233
AfAm,cousins,239,21,7.779667404017018
AfAm,cousins,240,20,5.80378747754879
AfAm,cousins,241,17,4.4648811736061464
AfAm,cousins,242,17,5.736842924064474
AfAm,cousins,243,21,8.504693351870667
AfAm,cousins,244,22,6.433692895102168
AfAm,cousins,245,15,3.6841560705049856
AfAm,cousins,246,20,4.639688005850995
AfAm,cousins,247,27,9.19611000559734
AfAm,cousins,248,24,5.398016583528659
AfAm,cousins,249,21,8.346533872685786
AfAm,cousins,250,17,7.059659740763133
AfAm,cousins,251,15,4.273304115352371
AfAm,cousins,252,22,8.196647393392347
AfAm,cousins,253,16,5.320240404707676
AfAm,cousins,254,17,4.481179949872738
AfAm,cousins,255,17,7.222265394449396
AfAm,cousins,256,25,9.857394018857752
AfAm,cousins,257,17,6.752382241331677
AfAm,cousins,258,20,6.302369078620958
AfAm,cousins,259,15,7.01080993461916
AfAm,cousins,260,18,7.476100898298532
AfAm,cousins,261,24,5.156672506232441
AfAm,cousins,262,23,7.2628825536320445
AfAm,cousins,263,19,2.76393775259288
AfAm,cousins,264,20,11.00178821490946
AfAm,cousins,265,21,4.0585031071201785
AfAm,cousins,266,19,6.82937131235597
AfAm,cousins,267,16,8.783142134870898
AfAm,cousins,268,19,6.237258003804726
AfAm,cousins,269,21,8.350443910550085
AfAm,cousins,270,18,6.076601009700939
AfAm,cousins,271,21,10.861788174927655
AfAm,cousins,272,21,5.481744449599
AfAm,cousins,273,17,5.127627275945338
AfAm,cousins,274,14,2.5761081324446393
AfAm,cousins,275,16,4.445938490197606
AfAm,cousins,276,19,6.133932332033806
AfAm,cousins,277,23,7.645261608296657
AfAm,cousins,278,17,4.140029990141848
AfAm,cousins,279,18,5.647415436553837
AfAm,cousins,280,16,7.6878562408910085
AfAm,cousins,281,17,2.858269536720366
AfAm,cousins,282,19,6.581092947553234
AfAm,cousins,283,21,8.148260572598497
AfAm,cousins,284,21,6.512977092644792
AfAm,cousins,285,19,4.421793354589976
AfAm,cousins,286,27,9.460784234124084
AfAm,cousins,287,15,5.386358441900316
AfAm,cousins,288,22,6.10573892214167
AfAm,cousins,289,17,5.417966516901608
AfAm,cousins,290,19,5.468952161098295
AfAm,cousins,291,16,5.316044684008424
AfAm,cousins,292,21,7.047676137364275
AfAm,cousins,293,25,11.993931441375894
AfAm,cousins,294,14,6.084615330676495
AfAm,cousins,295,21,3.3914376516148055
AfAm,cousins,296,17,4.065959384364871
AfAm,cousins,297,15,3.1281760293039333
AfAm,cousins,298,16,6.346349863660363
AfAm,cousins,299,18,8.481000865084988
AfAm,cousins,300,18,7.8603454448405685
AfAm,cousins,301,14,3.1684669991051555
AfAm,cousins,302,23,10.69024998015579
AfAm,cousins,303,22,9.592242013310102
AfAm,cousins,304,23,9.492920503822502
AfAm,cousins,305,22,6.031941576343884
AfAm,cousins,306,21,10.365737347824536
AfAm,cousins,307,20,5.098444766660003
AfAm,cousins,308,21,6.956538141361509
AfAm,cousins,309,16,8.405662171287402
AfAm,cousins,310,23,7.203049524946137
AfAm,cousins,311,15,4.226550552373161
AfAm,cousins,312,22,5.55235165061793
AfAm,cousins,313,21,7.609875848443685
AfAm,cousins,314,22,10.808358711206669
AfAm,cousins,315,17,6.138292389775753
AfAm,cousins,316,26,7.809074172386912
AfAm,cousins,317,19,7.837325534201042
AfAm,cousins,318,19,7.699445594059775
AfAm,cousins,319,24,9.885167176428254
AfAm,cousins,320,20,4.690970242546408
AfAm,cousins,321,16,4.005421862096649
AfAm,cousins,322,18,4.9332167088178025
AfAm,cousins,323,20,5.29647705375233
AfAm,cousins,324,19,6.280448027510308
AfAm,cousins,325,17,8.270962990986478
AfAm,cousins,326,25,11.82999603205153
AfAm,cousins,327,13,4.229280955290516
AfAm,cousins,328,22,11.794301557158288
AfAm,cousins,329,22,5.444478897044417
AfAm,cousins,330,23,9.493728970112006
AfAm,cousins,331,23,6.229367057361059
AfAm,cousins,332,15,8.07062601821652
AfAm,cousins,333,18,9.809616165460456
AfAm,cousins,334,19,9.646419875198127
AfAm,cousins,335,16,3.1156084792427166
AfAm,cousins,336,19,6.9624389061847545
AfAm,cousins,337,15,6.039451938023119
AfAm,cousins,338,17,6.0857268788017205
AfAm,cousins,339,18,4.142572063023701
AfAm,cousins,340,20,7.100359370818683
AfAm,cousins,341,23,7.121608910936087
AfAm,cousins,342,18,3.388129370658567
AfAm,cousins,343,16,5.401178263242462
AfAm,cousins,344,15,5.377161114717625
AfAm,cousins,345,17,4.353536069737199
AfAm,cousins,346,13,3.512880307714571
AfAm,cousins,347,22,6.797882006490034
AfAm,cousins,348,22,6.523975356468224
AfAm,cousins,349,24,6.024435937855638
AfAm,cousins,350,13,5.7387584709947195
AfAm,cousins,351,22,13.331904480242253
AfAm,cousins,352,19,6.84621767749507
AfAm,cousins,353,21,7.465172240218868
AfAm,cousins,354,15,4.304337729248708
AfAm,cousins,355,16,3.0414193413506125
AfAm,cousins,356,20,7.914723275836253
AfAm,cousins,357,20,9.620812968411323
AfAm,cousins,358,23,6.466309338949273
AfAm,cousins,359,16,5.25344262585877
AfAm,cousins,360,22,6.751414359224725
AfAm,cousins,361,18,2.978824002604279
AfAm,cousins,362,19,9.05485024795801
AfAm,cousins,363,18,5.6142677492359585
AfAm,cousins,364,20,5.341451596396902
AfAm,cousins,365,16,7.9401396047731385
AfAm,cousins,366,19,6.877745107641552
AfAm,cousins,367,19,6.260621437341529
AfAm,cousins,368,14,4.093712768588531
AfAm,cousins,369,18,6.888749149212501
AfAm,cousins,370,14,4.071727057964561
AfAm,cousins,371,20,3.7281007603006713
AfAm,cousins,372,19,5.410728012333639
AfAm,cousins,373,18,7.355667003036067
AfAm,cousins,374,18,6.3474240138110956
AfAm,cousins,375,19,4.12998908304005
AfAm,cousins,376,17,4.526912803819944
AfAm,cousins,377,25,10.608241232871976
AfAm,cousins,378,16,3.2834428912221814
AfAm,cousins,379,19,6.9318783161294375
AfAm,cousins,380,24,8.00485498460092
AfAm,cousins,381,21,7.964504926339044
AfAm,cousins,382,21,6.594098399630512
AfAm,cousins,383,16,2.9650626649131713
AfAm,cousins,384,15,3.574849777957354
AfAm,cousins,385,20,6.289765967210348
AfAm,cousins,386,12,2.6809312679017574
AfAm,cousins,387,22,9.599435476384743
AfAm,cousins,388,21,6.590126223400603
AfAm,cousins,389,19,9.833915730963335
AfAm,cousins,390,20,5.7842619744200725
AfAm,cousins,391,18,5.481023687820745
AfAm,cousins,392,20,8.701129557544965
AfAm,cousins,393,22,5.091838184598382
AfAm,cousins,394,19,9.345100155580765
AfAm,cousins,395,22,5.041658205675902
AfAm,cousins,396,18,6.163452624298801
AfAm,cousins,397,22,6.505671556106057
AfAm,cousins,398,21,5.77248575265555
AfAm,cousins,399,23,5.701652714406811
AfAm,cousins,400,25,7.933324507242558
AfAm,cousins,401,23,6.436109647134051
AfAm,cousins,402,16,7.01525086022073
AfAm,cousins,403,19,3.405054812039289
AfAm,cousins,404,22,6.493185421111649
AfAm,cousins,405,17,4.22495758934587
AfAm,cousins,406,22,8.159657291259778
AfAm,cousins,407,15,3.554776019263404
AfAm,cousins,408,21,10.538564879896143
AfAm,cousins,409,19,4.3911374578634295
AfAm,cousins,410,22,11.270978991077705
AfAm,cousins,411,18,5.063872531997282
AfAm,cousins,412,19,6.331470005493125
AfAm,cousins,413,18,4.900466553518196
AfAm,cousins,414,18,4.403184665321202
AfAm,cousins,415,13,3.5745136945681875
AfAm,cousins,416,15,4.739778017887006
AfAm,cousins,417,19,3.9386248575051237
AfAm,cousins,418,16,2.9981012009478136
AfAm,cousins,419,19,5.551354600015062
AfAm,cousins,420,22,5.91579889931578
AfAm,cousins,421,23,7.657322813509025
AfAm,cousins,422,21,8.924016273084247
AfAm,cousins,423,17,4.2868082940948815
AfAm,cousins,424,25,10.513635357211816
AfAm,cousins,425,16,6.664442942433551
AfAm,cousins,426,13,3.3211691313993854
AfAm,cousins,427,14,3.3851775730488654
AfAm,cousins,428,21,5.8258841991851344
AfAm,cousins,429,18,8.77874290100342
AfAm,cousins,430,17,6.437768850944677
AfAm,cousins,431,14,8.006941997165285
AfAm,cousins,432,21,6.564452519160498
AfAm,cousins,433,21,6.878932661705968
AfAm,cousins,434,22,8.23215229580489
AfAm,cousins,435,22,7.774562298955065
AfAm,cousins,436,25,6.986028953638718
AfAm,cousins,437,15,9.013451700038322
AfAm,cousins,438,23,5.8558279126775945
AfAm,cousins,439,18,5.149085943963571
AfAm,cousins,440,23,9.561339463687201
AfAm,cousins,441,22,8.980650356246576
AfAm,cousins,442,17,5.839464894919358
AfAm,cousins,443,15,7.618080527654398
AfAm,cousins,444,23,13.03388887277906
AfAm,cousins,445,19,6.081239695611723
AfAm,cousins,446,19,5.085712124221188
AfAm,cousins,447,18,4.319453970834845
AfAm,cousins,448,21,10.306924372355793
AfAm,cousins,449,22,10.153672378100955
AfAm,cousins,450,18,4.931690981332737
AfAm,cousins,451,24,11.668373020049033
AfAm,cousins,452,13,3.0377226634887404
AfAm,cousins,453,28,9.865209050564907
AfAm,cousins,454,20,7.224090855068399
AfAm,cousins,455,15,5.648125639329148
AfAm,cousins,456,23,8.149169720682655
AfAm,cousins,457,19,7.019782827473742
AfAm,cousins,458,21,5.99468265933804
AfAm,cousins,459,21,8.104288028898099
AfAm,cousins,460,25,4.930669071084553
AfAm,cousins,461,16,5.887467760518412
AfAm,cousins,462,17,8.418486633357
AfAm,cousins,463,15,4.619660773546312
AfAm,cousins,464,20,8.019263926149506
AfAm,cousins,465,17,5.756352970529299
AfAm,cousins,466,20,5.443988983908901
AfAm,cousins,467,19,8.346781271715198
AfAm,cousins,468,21,10.762079647463072
AfAm,cousins,469,15,3.005504660477232
AfAm,cousins,470,25,13.4196518151078
AfAm,cousins,471,20,5.449950782091517
AfAm,cousins,472,16,7.737024998193704
AfAm,cousins,473,18,5.207548462885661
AfAm,cousins,474,16,6.648864701418409
AfAm,cousins,475,15,3.886664850963416
AfAm,cousins,476,17,7.473240681026828
AfAm,cousins,477,23,6.664289140457827
AfAm,cousins,478,20,5.65300481494781
AfAm,cousins,479,18,7.82742008923227
AfAm,cousins,480,18,8.520553330387616
AfAm,cousins,481,22,6.69384385691506
AfAm,cousins,482,19,7.319596789750476
AfAm,cousins,483,17,4.8994111709071255
AfAm,cousins,484,18,4.640677244202628
AfAm,cousins,485,20,6.075851177653053
AfAm,cousins,486,18,5.6777902903938475
AfAm,cousins,487,26,9.230238183001125
AfAm,cousins,488,17,4.992422599496636
AfAm,cousins,489,12,2.605048619272
AfAm,cousins,490,17,4.7426290447749215
AfAm,cousins,491,21,6.360058173258402
AfAm,cousins,492,23,8.014525858084614
AfAm,cousins,493,20,5.410031513688775
AfAm,cousins,494,18,3.829009945194465
AfAm,cousins,495,16,9.538031743202037
AfAm,cousins,496,21,6.556989519917344
AfAm,cousins,497,17,8.047499760543495
AfAm,cousins,498,19,5.911393829646194
AfAm,cousins,499,17,4.981947803143986
AfAm,cousins,500,19,6.390270103623395
AfAm,second_cousins,1,16,3.7845990448627918
AfAm,second_cousins,2,16,1.1469907193626092
AfAm,second_cousins,3,18,3.7981784200735706
AfAm,second_cousins,4,21,4.273283261925383
AfAm,second_cousins,5,14,2.2006653318121225
AfAm,second_cousins,6,19,3.7225245275595737
AfAm,second_cousins,7,12,1.1446394232468533
AfAm,second_cousins,8,18,3.5466254574306504
AfAm,second_cousins,9,20,3.9278505095191307
AfAm,second_cousins,10,16,3.2954794645450827
AfAm,second_cousins,11,14,2.4083787558533674
AfAm,second_cousins,12,16,3.6196697187474007
AfAm,second_cousins,13,17,4.380269404916562
AfAm,second_cousins,14,15,2.173265986205841
AfAm,second_cousins,15,20,5.420973724874477
AfAm,second_cousins,16,15,3.203434365171097
AfAm,second_cousins,17,15,5.992288155730603
AfAm,second_cousins,18,23,4.516102352635471
AfAm,second_cousins,19,14,5.912022831160746
AfAm,second_cousins,20,16,2.9760671094639815
AfAm,second_cousins,21,17,2.5322508228392016
AfAm,second_cousins,22,25,4.953471736780453
AfAm,second_cousins,23,21,3.0713090976983697
AfAm,second_cousins,24,17,3.277238348201028
AfAm,second_cousins,25,14,1.8499212373131546
AfAm,second_cousins,26,15,1.4802307134067374
AfAm,second_cousins,27,19,4.01450180481897
AfAm,second_cousins,28,15,3.976990483980912
AfAm,second_cousins,29,23,5.23493162162834
AfAm,second_cousins,30,18,3.6249848097070356
AfAm,second_cousins,31,18,4.2996069424659655
AfAm,second_cousins,32,20,4.236475510050166
AfAm,second_cousins,33,26,3.770164509128648
AfAm,second_cousins,34,17,3.223021709826217
AfAm,second_cousins,35,17,2.787358596793056
AfAm,second_cousins,36,14,3.287436957821082
AfAm,second_cousins,37,22,3.7633660824843345
AfAm,second_cousins,38,14,3.5722162012151504
AfAm,second_cousins,39,14,5.746112650731817
AfAm,second_cousins,40,22,4.409214288245642
AfAm,second_cousins,41,17,2.4696605584118867
AfAm,second_cousins,42,21,4.793097659889992
AfAm,second_cousins,43,19,3.6983899775151916
AfAm,second_cousins,44,17,2.215418639653507
AfAm,second_cousins,45,18,4.456207332038135
AfAm,second_cousins,46,18,4.400455817861446
AfAm,second_cousins,47,21,3.384643022718829
AfAm,second_cousins,48,16,2.4810067342039277
AfAm,second_cousins,49,15,2.7307844389578237
AfAm,second_cousins,50,12,2.343956103436633
AfAm,second_cousins,51,22,5.114547105905312
AfAm,second_cousins,52,24,5.5310988530605165
AfAm,second_cousins,53,17,2.0858760292224425
AfAm,second_cousins,54,23,4.543678151527157
AfAm,second_cousins,55,20,5.33777560617934
AfAm,second_cousins,56,15,3.388557381932089
AfAm,second_cousins,57,20,3.9966615787404063
AfAm,second_cousins,58,20,4.293168161678894
AfAm,second_cousins,59,23,4.724638181931563
AfAm,second_cousins,60,15,2.936928038636733
AfAm,second_cousins,61,24,5.32164800997563
AfAm,second_cousins,62,17,3.485298002524213
AfAm,second_cousins,63,17,2.1074391418228746
AfAm,second_cousins,64,16,2.1407132799178883
AfAm,second_cousins,65,17,4.195501863697386
AfAm,second_cousins,66,20,4.043704181020928
AfAm,second_cousins,67,15,2.898683776051958
AfAm,second_cousins,68,13,1.364523650250427
AfAm,second_cousins,69,17,3.442514096367306
AfAm,second_cousins,70,10,0.8551666689770627
AfAm,second_cousins,71,20,1.9095139417784983
AfAm,second_cousins,72,22,4.941288122034032
AfAm,second_cousins,73,13,2.6557245484333243
AfAm,second_cousins,74,16,4.696922105735922
AfAm,second_cousins,75,20,4.3693228475426995
AfAm,second_cousins,76,18,2.0811359408668784
AfAm,second_cousins,77,17,2.2148979424645536
AfAm,second_cousins,78,15,1.7800613083769719
AfAm,second_cousins,79,12,1.2815199710854315
AfAm,second_cousins,80,17,2.159306567332923
AfAm,second_cousins,81,17,3.4310088981014855
AfAm,second_cousins,82,20,3.722094293663643
AfAm,second_cousins,83,17,6.273862487757433
AfAm,second_cousins,84,14,6.1138816384021215
AfAm,second_cousins,85,16,2.9021776723712804
AfAm,second_cousins,86,20,3.574110199166799
AfAm,second_cousins,87,19,6.016239034674222
AfAm,second_cousins,88,24,6.983736611796251
AfAm,second_cousins,89,11,0.8864141588338783
AfAm,second_cousins,90,22,4.604106760252262
AfAm,second_cousins,91,16,2.425157793869327
AfAm,second_cousins,92,19,4.778489131106165
AfAm,second_cousins,93,13,2.0148957682631234
AfAm,second_cousins,94,19,4.456709831236019
AfAm,second_cousins,95,19,3.9337769656938972
AfAm,second_cousins,96,22,4.859072189228835
AfAm,second_cousins,97,14,1.2252561803915072
AfAm,second_cousins,98,17,4.7390371893042165
AfAm,second_cousins,99,23,6.513645104972426
AfAm,second_cousins,100,19,3.182026769441991
AfAm,second_cousins,101,16,4.705951834539908
AfAm,second_cousins,102,15,3.2281092214078564
AfAm,second_cousins,103,18,2.9264997601540697
AfAm,second_cousins,104,21,4.533549046318616
AfAm,second_cousins,105,14,4.395142142171251
AfAm,second_cousins,106,15,2.773382778462608
AfAm,second_cousins,107,12,2.8266917950573363
AfAm,second_cousins,108,20,2.627443471054343
AfAm,second_cousins,109,21,2.3889967626292443
AfAm,second_cousins,110,16,2.831142387559782
AfAm,second_cousins,111,20,2.559913597389499
AfAm,second_cousins,112,20,3.6143108471554295
AfAm,second_cousins,113,19,2.578920978169242
AfAm,second_cousins,114,19,3.3674906705013417
AfAm,second_cousins,115,13,3.1786098646790863
AfAm,second_cousins,116,24,6.305776176215148
AfAm,second_cousins,117,9,1.255477730352047
AfAm,second_cousins,118,20,2.7203115652331276
AfAm,second_cousins,119,18,6.80721780056847
AfAm,second_cousins,120,18,2.105418957097008
AfAm,second_cousins,121,10,2.129978746745525
AfAm,second_cousins,122,13,2.1173859721974253
AfAm,second_cousins,123,17,3.4131977142435486
AfAm,second_cousins,124,15,2.5687671447487834
AfAm,second_cousins,125,16,5.504001157512808
AfAm,second_cousins,126,22,5.683619763103381
AfAm,second_cousins,127,18,4.685441486771169
AfAm,second_cousins,128,20,6.618757297775711
AfAm,second_cousins,129,22,6.990284408938191
AfAm,second_cousins,130,11,1.3693467714092962
AfAm,second_cousins,131,24,4.051523100491755
AfAm,second_cousins,132,20,2.8097788759112783
AfAm,second_cousins,133,15,4.577809293643653
AfAm,second_cousins,134,17,5.930201061058514
AfAm,second_cousins,135,17,4.140658781455067
AfAm,second_cousins,136,14,2.219261258260751
AfAm,second_cousins,137,19,5.084231655817511
AfAm,second_cousins,138,19,3.6551466587683215
AfAm,second_cousins,139,16,2.3714977603067284
AfAm,second_cousins,140,15,1.9907761549883443
AfAm,second_cousins,141,18,3.33868028283522
AfAm,second_cousins,142,13,1.358183775591074
AfAm,second_cousins,143,17,2.037943200880928
AfAm,second_cousins,144,18,3.860140016570009
AfAm,second_cousins,145,16,3.2212966923781994
AfAm,second_cousins,146,23,3.980959597537911
AfAm,second_cousins,147,16,4.382564893685423
AfAm,second_cousins,148,18,6.85920604508104
AfAm,second_cousins,149,22,4.169278521461105
AfAm,second_cousins,150,20,5.022845022681847
AfAm,second_cousins,151,15,2.33297207965057
AfAm,second_cousins,152,21,3.261806621548078
AfAm,second_cousins,153,21,4.638565855837727
AfAm,second_cousins,154,18,4.276078991666359
AfAm,second_cousins,155,13,2.131021462866234
AfAm,second_cousins,156,10,1.2865761999482315
AfAm,second_cousins,157,18,2.9114109057792987
AfAm,second_cousins,158,19,6.289915292133796
AfAm,second_cousins,159,15,6.477245516813957
AfAm,second_cousins,160,19,3.2124607486830694
AfAm,second_cousins,161,17,4.218017372599875
AfAm,second_cousins,162,14,0.8906386940170596
AfAm,second_cousins,163,14,2.6217860101003256
AfAm,second_cousins,164,20,3.62849943050705
AfAm,second_cousins,165,19,4.691741365584766
AfAm,second_cousins,166,15,2.037651156240912
AfAm,second_cousins,167,19,2.7875890341552814
AfAm,second_cousins,168,17,2.025412728956062
AfAm,second_cousins,169,13,0.8786627645889415
AfAm,second_cousins,170,19,3.6362451392805517
AfAm,second_cousins,171,21,4.442239535900387
AfAm,second_cousins,172,18,5.025170390620784
AfAm,second_cousins,173,18,3.4411635511862197
AfAm,second_cousins,174,17,2.42693279259547
AfAm,second_cousins,175,13,1.9823355540219145
AfAm,second_cousins,176,13,2.3909942590358617
AfAm,second_cousins,177,15,2.6603910608425014
AfAm,second_cousins,178,18,1.683747273254581
AfAm,second_cousins,179,20,2.903689807261575
AfAm,second_cousins,180,14,6.733456744262346
AfAm,second_cousins,181,20,4.216555248944116
AfAm,second_cousins,182,18,5.696479396342371
AfAm,second_cousins,183,24,5.047763695012884
AfAm,second_cousins,184,20,4.920425027640998
AfAm,second_cousins,185,20,4.245767422969189
AfAm,second_cousins,186,23,6.459995955725053
AfAm,second_cousins,187,20,6.887471016727307
AfAm,second_cousins,188,18,3.733267814305781
AfAm,second_cousins,189,20,3.3583799103432908
AfAm,second_cousins,190,21,3.902872116530142
AfAm,second_cousins,191,15,2.2363692464688607
AfAm,second_cousins,192,15,2.989060340900724
AfAm,second_cousins,193,17,3.4567874748304797
AfAm,second_cousins,194,20,3.6751135732884657
AfAm,second_cousins,195,16,1.9754598967354324
AfAm,second_cousins,196,15,2.7471997103038435
AfAm,second_cousins,197,22,4.39034642667707
AfAm,second_cousins,198,13,1.845452745264788
AfAm,second_cousins,199,20,4.068810019989064
AfAm,second_cousins,200,12,0.002204315617671676
AfAm,second_cousins,201,15,2.8039540191950474
AfAm,second_cousins,202,17,2.408417593910446
AfAm,second_cousins,203,18,2.7640548861228234
AfAm,second_cousins,204,17,8.465040393238786
AfAm,second_cousins,205,19,2.3588195027920715
AfAm,second_cousins,206,20,2.5590180666990867
AfAm,second_cousins,207,18,7.442474674937568
AfAm,second_cousins,208,13,1.0785518574560546
AfAm,second_cousins,209,18,3.5365853400054683
AfAm,second_cousins,210,16,1.4191771769402304
AfAm,second_cousins,211,12,2.02150153508503
AfAm,second_cousins,212,19,4.1147163691569455
AfAm,second_cousins,213,22,6.670232013703439
AfAm,second_cousins,214,19,5.15975821262861
AfAm,second_cousins,215,18,3.444522513415637
AfAm,second_cousins,216,13,1.0617208438584993
AfAm,second_cousins,217,18,3.7591505639228497
AfAm,second_cousins,218,18,3.2777936631121056
AfAm,second_cousins,219,17,8.322491973658256
AfAm,second_cousins,220,15,1.6703540484019372
AfAm,second_cousins,221,18,2.163562009206964
AfAm,second_cousins,222,18,2.7330550298132508
AfAm,second_cousins,223,19,3.0281543020326214
AfAm,second_cousins,224,17,3.5124837208847457
AfAm,second_cousins,225,15,2.290431430400197
AfAm,second_cousins,226,22,3.186489916216125
AfAm,second_cousins,227,20,2.609639099150157
AfAm,second_cousins,228,20,2.77684164454071
AfAm,second_cousins,229,17,5.443532643445098
AfAm,second_cousins,230,15,2.137466618726356
AfAm,second_cousins,231,16,2.9347596756994636
AfAm,second_cousins,232,18,1.5059100633456963
AfAm,second_cousins,233,20,5.196500718956603
AfAm,second_cousins,234,19,4.375683575853504
AfAm,second_cousins,235,17,3.1083595184944057
AfAm,second_cousins,236,18,5.65129976192564
AfAm,second_cousins,237,18,2.6537177396038913
AfAm,second_cousins,238,21,3.2870953723434306
AfAm,second_cousins,239,18,3.9189892294450184
AfAm,second_cousins,240,21,4.390857141583306
AfAm,second_cousins,241,16,4.4081428205438735
AfAm,second_cousins,242,17,2.4969906990314925
AfAm,second_cousins,243,18,2.687597267138429
AfAm,second_cousins,244,21,2.99472847571652
AfAm,second_cousins,245,13,2.348675484006499
AfAm,second_cousins,246,21,3.485249354933784
AfAm,second_cousins,247,21,5.476968656426322
AfAm,second_cousins,248,21,4.837108198063181
AfAm,second_cousins,249,20,3.1873944292493896
AfAm,second_cousins,250,19,3.1567667243754722
AfAm,second_cousins,251,18,4.777742983518922
AfAm,second_cousins,252,15,2.500491286863081
AfAm,second_cousins,253,20,3.48875760484368
AfAm,second_cousins,254,15,4.100606761545735
AfAm,second_cousins,255,18,3.0776439189923583
AfAm,second_cousins,256,21,4.031547711282632
AfAm,second_cousins,257,15,2.0404757115110956
AfAm,second_cousins,258,21,3.927032235394837
AfAm,second_cousins,259,16,5.342594005390067
AfAm,second_cousins,260,18,2.5464179488633842
AfAm,second_cousins,261,14,3.941208810639653
AfAm,second_cousins,262,17,5.603276073671486
AfAm,second_cousins,263,20,4.992002832915362
AfAm,second_cousins,264,16,2.8932256929683002
AfAm,second_cousins,265,21,3.7159572217691794
AfAm,second_cousins,266,23,3.5808956183201346
AfAm,second_cousins,267,13,3.0912980755222774
AfAm,second_cousins,268,17,2.876207230094571
AfAm,second_cousins,269,21,3.761029474067992
AfAm,second_cousins,270,16,2.4830620459732278
AfAm,second_cousins,271,19,4.511300225325664
AfAm,second_cousins,272,18,5.127149328452566
AfAm,second_cousins,273,17,7.077788397866236
AfAm,second_cousins,274,19,1.9028868586808558
AfAm,second_cousins,275,16,4.530740144176356
AfAm,second_cousins,276,18,2.8390199626122823
AfAm,second_cousins,277,15,3.1161002817041417
AfAm,second_cousins,278,21,4.839727466480423
AfAm,second_cousins,279,16,2.8771116009383446
AfAm,second_cousins,280,17,1.776131129414498
AfAm,second_cousins,281,27,5.079955684677344
AfAm,second_cousins,282,21,3.978655564281754
AfAm,second_cousins,283,21,5.152915365241922
AfAm,second_cousins,284,21,4.454106374746754
AfAm,second_cousins,285,18,5.0829589132538375
AfAm,second_cousins,286,17,1.9716585902780501
AfAm,second_cousins,287,21,2.0456690511979496
AfAm,second_cousins,288,24,4.679937799086532
AfAm,second_cousins,289,18,2.9982209463541927
AfAm,second_cousins,290,15,2.1670377775373058
AfAm,second_cousins,291,16,2.1096287419951
AfAm,second_cousins,292,15,2.008496275216366
AfAm,second_cousins,293,22,4.548753578266133
AfAm,second_cousins,294,22,5.155224725758989
AfAm,second_cousins,295,18,3.6747401844944014
AfAm,second_cousins,296,15,2.182365186359446
AfAm,second_cousins,297,15,2.9853509791022557
AfAm,second_cousins,298,17,3.8440618452642012
AfAm,second_cousins,299,22,5.5885502506547535
AfAm,second_cousins,300,15,3.6043432164170217
AfAm,second_cousins,301,12,3.2110073697359485
AfAm,second_cousins,302,16,3.563048907692382
AfAm,second_cousins,303,16,3.1128505003072156
AfAm,second_cousins,304,16,1.5473924475210423
AfAm,second_cousins,305,16,1.2571303278949355
AfAm,second_cousins,306,20,2.7683270130803233
AfAm,second_cousins,307,15,4.2762394405423905
AfAm,second_cousins,308,21,6.735048212448203
AfAm,second_cousins,309,19,4.600890609483814
AfAm,second_cousins,310,18,3.592911824266316
AfAm,second_cousins,311,15,2.391781127228004
AfAm,second_cousins,312,22,7.224954286374054
AfAm,second_cousins,313,18,3.315922894461955
AfAm,second_cousins,314,21,4.411780656774147
AfAm,second_cousins,315,25,3.926576388910279
AfAm,second_cousins,316,15,4.256593030853892
AfAm,second_cousins,317,20,3.8634037341636605
AfAm,second_cousins,318,15,2.7494480918203257
AfAm,second_cousins,319,16,3.077602858080299
AfAm,second_cousins,320,16,2.29828013261852
AfAm,second_cousins,321,17,2.927616466231842
AfAm,second_cousins,322,14,2.813801493261168
AfAm,second_cousins,323,20,3.4722552079002846
AfAm,second_cousins,324,22,2.6436376560183454
AfAm,second_cousins,325,12,1.8656393588294355
AfAm,second_cousins,326,16,3.686583062593548
AfAm,second_cousins,327,16,3.849791454066761
AfAm,second_cousins,328,18,3.6066272690427783
AfAm,second_cousins,329,17,2.8547334483256015
AfAm,second_cousins,330,20,2.3474019334931007
AfAm,second_cousins,331,20,3.8024745655151717
AfAm,second_cousins,332,10,0.9760707341623206
AfAm,second_cousins,333,21,3.423647711922163
AfAm,second_cousins,334,17,3.5636634297201217
AfAm,second_cousins,335,17,2.1178979550306556
AfAm,second_cousins,336,21,4.550161357803108
AfAm,second_cousins,337,17,1.90114580750358
AfAm,second_cousins,338,19,3.2199452998580105
AfAm,second_cousins,339,19,4.88420435189466
AfAm,second_cousins,340,15,2.7399661277658067
AfAm,second_cousins,341,20,6.798815092083121
AfAm,second_cousins,342,19,4.029348136438882
AfAm,second_cousins,343,18,2.1248355432456014
AfAm,second_cousins,344,18,2.1945323071612663
AfAm,second_cousins,345,15,4.28032736083275
AfAm,second_cousins,346,22,5.0025973351954836
AfAm,second_cousins,347,22,7.1669179735735105
AfAm,second_cousins,348,22,9.312726554049819
AfAm,second_cousins,349,16,2.804860818771041
AfAm,second_cousins,350,21,4.370913332954903
AfAm,second_cousins,351,15,2.0520542787131513
AfAm,second_cousins,352,15,2.3286703405047557
AfAm,second_cousins,353,18,1.6223577121733066
AfAm,second_cousins,354,26,5.825617153638763
AfAm,second_cousins,355,16,1.9066165034557305
AfAm,second_cousins,356,15,2.1694658298186753
AfAm,second_cousins,357,20,3.517883692415707
AfAm,second_cousins,358,15,3.7210742203756033
AfAm,second_cousins,359,17,3.24814909131493
AfAm,second_cousins,360,21,3.366522743348002
AfAm,second_cousins,361,16,1.538262660469802
AfAm,second_cousins,362,22,5.0303220934945205
AfAm,second_cousins,363,23,5.355123340195073
AfAm,second_cousins,364,18,6.697255409953184
AfAm,second_cousins,365,16,3.4643508887677927
AfAm,second_cousins,366,14,1.6035155593839374
AfAm,second_cousins,367,19,5.7262231014223195
AfAm,second_cousins,368,18,2.3664505690318505
AfAm,second_cousins,369,19,5.043866932525903
AfAm,second_cousins,370,24,4.2532155814897346
AfAm,second_cousins,371,22,4.519078797244598
AfAm,second_cousins,372,16,2.0524321220394226
AfAm,second_cousins,373,22,6.638489655150591
AfAm,second_cousins,374,18,2.094174311007399
AfAm,second_cousins,375,15,6.059750005053234
AfAm,second_cousins,376,15,1.5900636348256056
AfAm,second_cousins,377,16,2.917403932706459
AfAm,second_cousins,378,12,2.396848086653905
AfAm,second_cousins,379,20,3.771217107404933
AfAm,second_cousins,380,18,2.1147738578180824
AfAm,second_cousins,381,11,1.5164446029228598
AfAm,second_cousins,382,22,4.073686519401332
AfAm,second_cousins,383,13,1.9056025129475946
AfAm,second_cousins,384,22,5.07152010868722
AfAm,second_cousins,385,15,4.5514437625605355
AfAm,second_cousins,386,16,3.132519626579224
AfAm,second_cousins,387,19,3.7772000511953183
AfAm,second_cousins,388,16,3.679569401867964
AfAm,second_cousins,389,21,4.555296901279755
AfAm,second_cousins,390,13,3.384556393456827
AfAm,second_cousins,391,17,3.4561310869895783
AfAm,second_cousins,392,17,2.6906620104365087
AfAm,second_cousins,393,20,3.6366995820072643
AfAm,second_cousins,394,12,1.0144619534463597
AfAm,second_cousins,395,17,3.4525984886828702
AfAm,second_cousins,396,23,6.977695773096744
AfAm,second_cousins,397,22,2.5449537800357733
AfAm,second_cousins,398,21,3.689642568902831
AfAm,second_cousins,399,13,3.481519846555984
AfAm,second_cousins,400,12,3.420760799617228
AfAm,second_cousins,401,19,2.605801300230765
AfAm,second_cousins,402,20,8.806787853339172
AfAm,second_cousins,403,16,2.7552381365238836
AfAm,second_cousins,404,16,2.5754397224575323
AfAm,second_cousins,405,19,4.288809810704252
AfAm,second_cousins,406,20,4.414072631481557
AfAm,second_cousins,407,17,3.312249280900808
AfAm,second_cousins,408,19,4.419131168298822
AfAm,second_cousins,409,17,3.769326133093495
AfAm,second_cousins,410,17,1.730440178976235
AfAm,second_cousins,411,15,2.6505933489318725
AfAm,second_cousins,412,20,3.4130098480188193
AfAm,second_cousins,413,22,2.99474235900645
AfAm,second_cousins,414,15,4.636438895326235
AfAm,second_cousins,415,14,2.292536815693154
AfAm,second_cousins,416,21,4.623180767367214
AfAm,second_cousins,417,15,3.9830991121991524
AfAm,second_cousins,418,15,1.1540626025513687
AfAm,second_cousins,419,14,1.2100380209954111
AfAm,second_cousins,420,21,4.632656471458569
AfAm,second_cousins,421,18,4.236744569095946
AfAm,second_cousins,422,18,2.221360004521874
AfAm,second_cousins,423,19,2.735000587784367
AfAm,second_cousins,424,19,4.089602685264103
AfAm,second_cousins,425,20,3.9778571581293583
AfAm,second_cousins,426,18,3.0504883255512842
AfAm,second_cousins,427,20,5.195671124592826
AfAm,second_cousins,428,17,2.4177552071066297
AfAm,second_cousins,429,19,4.706850976982185
AfAm,second_cousins,430,15,1.572294385571642
AfAm,second_cousins,431,18,2.8274235151795204
AfAm,second_cousins,432,19,2.1036565039927333
AfAm,second_cousins,433,22,6.228477385090965
AfAm,second_cousins,434,23,5.856789216554094
AfAm,second_cousins,435,19,3.7335792690959675
AfAm,second_cousins,436,20,3.191690308180029
AfAm,second_cousins,437,18,2.74996415732524
AfAm,second_cousins,438,17,2.426172548084554
AfAm,second_cousins,439,14,1.4786955974272633
AfAm,second_cousins,440,15,3.4054995136645965
AfAm,second_cousins,441,19,3.195704847023184
AfAm,second_cousins,442,20,2.951217229390922
AfAm,second_cousins,443,14,2.775031578375761
AfAm,second_cousins,444,13,1.8692750588089
AfAm,second_cousins,445,20,5.433114950024056
AfAm,second_cousins,446,15,2.454626549618252
AfAm,second_cousins,447,13,3.274787033188787
AfAm,second_cousins,448,15,2.19173707010085
AfAm,second_cousins,449,14,1.566883017386254
AfAm,second_cousins,450,17,4.885453118019915
AfAm,second_cousins,451,23,6.462498137164333
AfAm,second_cousins,452,19,2.7327922933256095
AfAm,second_cousins,453,22,3.618675685573549
AfAm,second_cousins,454,16,1.1881627824754952
AfAm,second_cousins,455,22,3.960335210921038
AfAm,second_cousins,456,16,3.484169723151209
AfAm,second_cousins,457,19,2.358444947960186
AfAm,second_cousins,458,14,2.8478123299753597
AfAm,second_cousins,459,18,7.88446563295992
AfAm,second_cousins,460,21,2.4757340474351643
AfAm,second_cousins,461,17,2.49006395890594
AfAm,second_cousins,462,23,4.210572467750015
AfAm,second_cousins,463,18,2.8381519212461117
AfAm,second_cousins,464,20,4.586470220721345
AfAm,second_cousins,465,23,4.323880452499214
AfAm,second_cousins,466,16,1.7142632257259272
AfAm,second_cousins,467,21,5.377266346702751
AfAm,second_cousins,468,17,3.4818212644062427
AfAm,second_cousins,469,14,4.0546522431168
AfAm,second_cousins,470,15,2.5490484584733135
AfAm,second_cousins,471,22,4.091250010531339
AfAm,second_cousins,472,14,1.8027651800616513
AfAm,second_cousins,473,19,4.143894839505559
AfAm,second_cousins,474,21,3.182992447508381
AfAm,second_cousins,475,16,2.199755505417233
AfAm,second_cousins,476,13,2.2032848090834194
AfAm,second_cousins,477,15,4.345703214872881
AfAm,second_cousins,478,15,4.6340116642227
AfAm,second_cousins,479,15,2.6686077225243725
AfAm,second_cousins,480,19,4.503575581987478
AfAm,second_cousins,481,16,3.7894746133663366
AfAm,second_cousins,482,16,4.909920061561755
AfAm,second_cousins,483,19,4.332880546656991
AfAm,second_cousins,484,18,3.579149268184287
AfAm,second_cousins,485,16,2.0585274230636914
AfAm,second_cousins,486,17,2.9543667527478426
AfAm,second_cousins,487,22,5.78459626850858
AfAm,second_cousins,488,17,1.8010950878838328
AfAm,second_cousins,489,17,3.424464308455195
AfAm,second_cousins,490,12,2.0291932782888193
AfAm,second_cousins,491,21,3.2969731812837937
AfAm,second_cousins,492,12,1.7360967729333039
AfAm,second_cousins,493,19,4.55622260306981
AfAm,second_cousins,494,16,4.325007712512575
AfAm,second_cousins,495,13,1.8915581538477646
AfAm,second_cousins,496,21,3.2651537473357104
AfAm,second_cousins,497,17,4.18096902396073
AfAm,second_cousins,498,17,5.099345313435869
AfAm,second_cousins,499,15,5.701809960158552
AfAm,second_cousins,500,18,3.504786142089375
AfAm,unrelated,1,15,0
AfAm,unrelated,2,17,0
AfAm,unrelated,3,17,0
AfAm,unrelated,4,14,0
AfAm,unrelated,5,18,0
AfAm,unrelated,6,15,0
AfAm,unrelated,7,18,0
AfAm,unrelated,8,19,0
AfAm,unrelated,9,21,0
AfAm,unrelated,10,12,0
AfAm,unrelated,11,23,0
AfAm,unrelated,12,16,0
AfAm,unrelated,13,16,0
AfAm,unrelated,14,22,0
AfAm,unrelated,15,19,0
AfAm,unrelated,16,21,0
AfAm,unrelated,17,19,0
AfAm,unrelated,18,17,0
AfAm,unrelated,19,11,0
AfAm,unrelated,20,19,0
AfAm,unrelated,21,17,0
AfAm,unrelated,22,12,0
AfAm,unrelated,23,17,0
AfAm,unrelated,24,17,0
AfAm,unrelated,25,20,0
AfAm,unrelated,26,18,0
AfAm,unrelated,27,15,0
AfAm,unrelated,28,16,0
AfAm,unrelated,29,20,0
AfAm,unrelated,30,18,0
AfAm,unrelated,31,17,0
AfAm,unrelated,32,17,0
AfAm,unrelated,33,16,0
AfAm,unrelated,34,16,0
AfAm,unrelated,35,19,0
AfAm,unrelated,36,13,0
AfAm,unrelated,37,16,0
AfAm,unrelated,38,16,0
AfAm,unrelated,39,16,0
AfAm,unrelated,40,14,0
AfAm,unrelated,41,22,0
AfAm,unrelated,42,19,0
AfAm,unrelated,43,16,0
AfAm,unrelated,44,13,0
AfAm,unrelated,45,12,0
AfAm,unrelated,46,20,0
AfAm,unrelated,47,18,0
AfAm,unrelated,48,21,0
AfAm,unrelated,49,19,0
AfAm,unrelated,50,10,0
AfAm,unrelated,51,18,0
AfAm,unrelated,52,15,0
AfAm,unrelated,53,10,0
AfAm,unrelated,54,18,0
AfAm,unrelated,55,21,0
AfAm,unrelated,56,16,0
AfAm,unrelated,57,14,0
AfAm,unrelated,58,9,0
AfAm,unrelated,59,18,0
AfAm,unrelated,60,21,0
AfAm,unrelated,61,19,0
AfAm,unrelated,62,20,0
AfAm,unrelated,63,14,0
AfAm,unrelated,64,16,0
AfAm,unrelated,65,15,0
AfAm,unrelated,66,22,0
AfAm,unrelated,67,19,0
AfAm,unrelated,68,14,0
AfAm,unrelated,69,13,0
AfAm,unrelated,70,21,0
AfAm,unrelated,71,15,0
AfAm,unrelated,72,17,0
AfAm,unrelated,73,16,0
AfAm,unrelated,74,18,0
AfAm,unrelated,75,17,0
AfAm,unrelated,76,20,0
AfAm,unrelated,77,17,0
AfAm,unrelated,78,16,0
AfAm,unrelated,79,18,0
AfAm,unrelated,80,19,0
AfAm,unrelated,81,15,0
AfAm,unrelated,82,14,0
AfAm,unrelated,83,16,0
AfAm,unrelated,84,20,0
AfAm,unrelated,85,17,0
AfAm,unrelated,86,15,0
AfAm,unrelated,87,17,0
AfAm,unrelated,88,13,0
AfAm,unrelated,89,11,0
AfAm,unrelated,90,18,0
AfAm,unrelated,91,14,0
AfAm,unrelated,92,23,0
AfAm,unrelated,93,17,0
AfAm,unrelated,94,12,0
AfAm,unrelated,95,13,0
AfAm,unrelated,96,18,0
AfAm,unrelated,97,16,0
AfAm,unrelated,98,15,0
AfAm,unrelated,99,14,0
AfAm,unrelated,100,11,0
AfAm,unrelated,101,17,0
AfAm,unrelated,102,16,0
AfAm,unrelated,103,17,0
AfAm,unrelated,104,15,0
AfAm,unrelated,105,16,0
AfAm,unrelated,106,18,0
AfAm,unrelated,107,8,0
AfAm,unrelated,108,21,0
AfAm,unrelated,109,18,0
AfAm,unrelated,110,24,0
AfAm,unrelated,111,13,0
AfAm,unrelated,112,21,0
AfAm,unrelated,113,16,0
AfAm,unrelated,114,15,0
AfAm,unrelated,115,16,0
AfAm,unrelated,116,16,0
AfAm,unrelated,117,21,0
AfAm,unrelated,118,13,0
AfAm,unrelated,119,16,0
AfAm,unrelated,120,14,0
AfAm,unrelated,121,12,0
AfAm,unrelated,122,17,0
AfAm,unrelated,123,13,0
AfAm,unrelated,124,15,0
AfAm,unrelated,125,14,0
AfAm,unrelated,126,17,0
AfAm,unrelated,127,12,0
AfAm,unrelated,128,19,0
AfAm,unrelated,129,16,0
AfAm,unrelated,130,15,0
AfAm,unrelated,131,15,0
AfAm,unrelated,132,13,0
AfAm,unrelated,133,12,0
AfAm,unrelated,134,22,0
AfAm,unrelated,135,18,0
AfAm,unrelated,136,19,0
AfAm,unrelated,137,22,0
AfAm,unrelated,138,22,0
AfAm,unrelated,139,13,0
AfAm,unrelated,140,17,0
AfAm,unrelated,141,22,0
AfAm,unrelated,142,13,0
AfAm,unrelated,143,14,0
AfAm,unrelated,144,18,0
AfAm,unrelated,145,19,0
AfAm,unrelated,146,22,0
AfAm,unrelated,147,17,0
AfAm,unrelated,148,16,0
AfAm,unrelated,149,16,0
AfAm,unrelated,150,22,0
AfAm,unrelated,151,16,0
AfAm,unrelated,152,18,0
AfAm,unrelated,153,16,0
AfAm,unrelated,154,16,0
AfAm,unrelated,155,19,0
AfAm,unrelated,156,15,0
AfAm,unrelated,157,18,0
AfAm,unrelated,158,19,0
AfAm,unrelated,159,20,0
AfAm,unrelated,160,12,0
AfAm,unrelated,161,19,0
AfAm,unrelated,162,18,0
AfAm,unrelated,163,13,0
AfAm,unrelated,164,20,0
AfAm,unrelated,165,22,0
AfAm,unrelated,166,15,0
AfAm,unrelated,167,11,0
AfAm,unrelated,168,17,0
AfAm,unrelated,169,20,0
AfAm,unrelated,170,11,0
AfAm,unrelated,171,13,0
AfAm,unrelated,172,17,0
AfAm,unrelated,173,11,0
AfAm,unrelated,174,13,0
AfAm,unrelated,175,21,0
AfAm,unrelated,176,14,0
AfAm,unrelated,177,20,0
AfAm,unrelated,178,22,0
AfAm,unrelated,179,23,0
AfAm,unrelated,180,18,0
AfAm,unrelated,181,17,0
AfAm,unrelated,182,24,0
AfAm,unrelated,183,16,0
AfAm,unrelated,184,17,0
AfAm,unrelated,185,15,0
AfAm,unrelated,186,21,0
AfAm,unrelated,187,18,0
AfAm,unrelated,188,11,0
AfAm,unrelated,189,17,0
AfAm,unrelated,190,18,0
AfAm,unrelated,191,18,0
AfAm,unrelated,192,13,0
AfAm,unrelated,193,17,0
AfAm,unrelated,194,18,0
AfAm,unrelated,195,15,0
AfAm,unrelated,196,14,0
AfAm,unrelated,197,20,0
AfAm,unrelated,198,14,0
AfAm,unrelated,199,19,0
AfAm,unrelated,200,13,0
AfAm,unrelated,201,16,0
AfAm,unrelated,202,15,0
AfAm,unrelated,203,16,0
AfAm,unrelated,204,21,0
AfAm,unrelated,205,16,0
AfAm,unrelated,206,15,0
AfAm,unrelated,207,19,0
AfAm,unrelated,208,22,0
AfAm,unrelated,209,21,0
AfAm,unrelated,210,19,0
AfAm,unrelated,211,15,0
AfAm,unrelated,212,18,0
AfAm,unrelated,213,18,0
AfAm,unrelated,214,24,0
AfAm,unrelated,215,14,0
AfAm,unrelated,216,16,0
AfAm,unrelated,217,18,0
AfAm,unrelated,218,15,0
AfAm,unrelated,219,19,0
AfAm,unrelated,220,15,0
AfAm,unrelated,221,15,0
AfAm,unrelated,222,13,0
AfAm,unrelated,223,14,0
AfAm,unrelated,224,16,0
AfAm,unrelated,225,17,0
AfAm,unrelated,226,21,0
AfAm,unrelated,227,14,0
AfAm,unrelated,228,16,0
AfAm,unrelated,229,12,0
AfAm,unrelated,230,15,0
AfAm,unrelated,231,16,0
AfAm,unrelated,232,17,0
AfAm,unrelated,233,16,0
AfAm,unrelated,234,19,0
AfAm,unrelated,235,13,0
AfAm,unrelated,236,19,0
AfAm,unrelated,237,17,0
AfAm,unrelated,238,13,0
AfAm,unrelated,239,22,0
AfAm,unrelated,240,19,0
AfAm,unrelated,241,9,0
AfAm,unrelated,242,18,0
AfAm,unrelated,243,14,0
AfAm,unrelated,244,13,0
AfAm,unrelated,245,22,0
AfAm,unrelated,246,20,0
AfAm,unrelated,247,20,0
AfAm,unrelated,248,14,0
AfAm,unrelated,249,12,0
AfAm,unrelated,250,17,0
AfAm,unrelated,251,14,0
AfAm,unrelated,252,18,0
AfAm,unrelated,253,23,0
AfAm,unrelated,254,18,0
AfAm,unrelated,255,19,0
AfAm,unrelated,256,14,0
AfAm,unrelated,257,16,0
AfAm,unrelated,258,20,0
AfAm,unrelated,259,19,0
AfAm,unrelated,260,12,0
AfAm,unrelated,261,19,0
AfAm,unrelated,262,11,0
AfAm,unrelated,263,12,0
AfAm,unrelated,264,20,0
AfAm,unrelated,265,17,0
AfAm,unrelated,266,19,0
AfAm,unrelated,267,13,0
AfAm,unrelated,268,17,0
AfAm,unrelated,269,16,0
AfAm,unrelated,270,17,0
AfAm,unrelated,271,17,0
AfAm,unrelated,272,15,0
AfAm,unrelated,273,15,0
AfAm,unrelated,274,21,0
AfAm,unrelated,275,17,0
AfAm,unrelated,276,17,0
AfAm,unrelated,277,22,0
AfAm,unrelated,278,14,0
AfAm,unrelated,279,18,0
AfAm,unrelated,280,16,0
AfAm,unrelated,281,21,0
AfAm,unrelated,282,12,0
AfAm,unrelated,283,15,0
AfAm,unrelated,284,16,0
AfAm,unrelated,285,16,0
AfAm,unrelated,286,19,0
AfAm,unrelated,287,16,0
AfAm,unrelated,288,25,0
AfAm,unrelated,289,16,0
AfAm,unrelated,290,15,0
AfAm,unrelated,291,17,0
AfAm,unrelated,292,17,0
AfAm,unrelated,293,17,0
AfAm,unrelated,294,16,0
AfAm,unrelated,295,17,0
AfAm,unrelated,296,14,0
AfAm,unrelated,297,18,0
AfAm,unrelated,298,15,0
AfAm,unrelated,299,16,0
AfAm,unrelated,300,19,0
AfAm,unrelated,301,12,0
AfAm,unrelated,302,17,0
AfAm,unrelated,303,24,0
AfAm,unrelated,304,17,0
AfAm,unrelated,305,20,0
AfAm,unrelated,306,18,0
AfAm,unrelated,307,20,0
AfAm,unrelated,308,20,0
AfAm,unrelated,309,11,0
AfAm,unrelated,310,23,0
AfAm,unrelated,311,20,0
AfAm,unrelated,312,17,0
AfAm,unrelated,313,17,0
AfAm,unrelated,314,19,0
AfAm,unrelated,315,15,0
AfAm,unrelated,316,18,0
AfAm,unrelated,317,19,0
AfAm,unrelated,318,17,0
AfAm,unrelated,319,14,0
AfAm,unrelated,320,20,0
AfAm,unrelated,321,15,0
AfAm,unrelated,322,15,0
AfAm,unrelated,323,17,0
AfAm,unrelated,324,12,0
AfAm,unrelated,325,12,0
AfAm,unrelated,326,22,0
AfAm,unrelated,327,13,0
AfAm,unrelated,328,18,0
AfAm,unrelated,329,20,0
AfAm,unrelated,330,18,0
AfAm,unrelated,331,15,0
AfAm,unrelated,332,19,0
AfAm,unrelated,333,19,0
AfAm,unrelated,334,18,0
AfAm,unrelated,335,22,0
AfAm,unrelated,336,18,0
AfAm,unrelated,337,17,0
AfAm,unrelated,338,21,0
AfAm,unrelated,339,18,0
AfAm,unrelated,340,15,0
AfAm,unrelated,341,12,0
AfAm,unrelated,342,13,0
AfAm,unrelated,343,17,0
AfAm,unrelated,344,15,0
AfAm,unrelated,345,19,0
AfAm,unrelated,346,20,0
AfAm,unrelated,347,16,0
AfAm,unrelated,348,20,0
AfAm,unrelated,349,18,0
AfAm,unrelated,350,17,0
AfAm,unrelated,351,15,0
AfAm,unrelated,352,16,0
AfAm,unrelated,353,16,0
AfAm,unrelated,354,14,0
AfAm,unrelated,355,21,0
AfAm,unrelated,356,16,0
AfAm,unrelated,357,22,0
AfAm,unrelated,358,18,0
AfAm,unrelated,359,18,0
AfAm,unrelated,360,16,0
AfAm,unrelated,361,14,0
AfAm,unrelated,362,15,0
AfAm,unrelated,363,19,0
AfAm,unrelated,364,18,0
AfAm,unrelated,365,19,0
AfAm,unrelated,366,20,0
AfAm,unrelated,367,20,0
AfAm,unrelated,368,15,0
AfAm,unrelated,369,16,0
AfAm,unrelated,370,18,0
AfAm,unrelated,371,14,0
AfAm,unrelated,372,21,0
AfAm,unrelated,373,16,0
AfAm,unrelated,374,10,0
AfAm,unrelated,375,16,0
AfAm,unrelated,376,22,0
AfAm,unrelated,377,19,0
AfAm,unrelated,378,14,0
AfAm,unrelated,379,15,0
AfAm,unrelated,380,14,0
AfAm,unrelated,381,23,0
AfAm,unrelated,382,19,0
AfAm,unrelated,383,18,0
AfAm,unrelated,384,18,0
AfAm,unrelated,385,17,0
AfAm,unrelated,386,15,0
AfAm,unrelated,387,19,0
AfAm,unrelated,388,15,0
AfAm,unrelated,389,14,0
AfAm,unrelated,390,19,0
AfAm,unrelated,391,18,0
AfAm,unrelated,392,20,0
AfAm,unrelated,393,14,0
AfAm,unrelated,394,13,0
AfAm,unrelated,395,16,0
AfAm,unrelated,396,17,0
AfAm,unrelated,397,16,0
AfAm,unrelated,398,20,0
AfAm,unrelated,399,15,0
AfAm,unrelated,400,14,0
AfAm,unrelated,401,17,0
AfAm,unrelated,402,19,0
AfAm,unrelated,403,19,0
AfAm,unrelated,404,17,0
AfAm,unrelated,405,10,0
AfAm,unrelated,406,18,0
AfAm,unrelated,407,15,0
AfAm,unrelated,408,15,0
AfAm,unrelated,409,17,0
AfAm,unrelated,410,13,0
AfAm,unrelated,411,14,0
AfAm,unrelated,412,18,0
AfAm,unrelated,413,21,0
AfAm,unrelated,414,14,0
AfAm,unrelated,415,17,0
AfAm,unrelated,416,17,0
AfAm,unrelated,417,22,0
AfAm,unrelated,418,16,0
AfAm,unrelated,419,22,0
AfAm,unrelated,420,10,0
AfAm,unrelated,421,17,0
AfAm,unrelated,422,17,0
AfAm,unrelated,423,15,0
AfAm,unrelated,424,19,0
AfAm,unrelated,425,11,0
AfAm,unrelated,426,13,0
AfAm,unrelated,427,15,0
AfAm,unrelated,428,14,0
AfAm,unrelated,429,11,0
AfAm,unrelated,430,17,0
AfAm,unrelated,431,15,0
AfAm,unrelated,432,20,0
AfAm,unrelated,433,14,0
AfAm,unrelated,434,15,0
AfAm,unrelated,435,18,0
AfAm,unrelated,436,15,0
AfAm,unrelated,437,14,0
AfAm,unrelated,438,15,0
AfAm,unrelated,439,22,0
AfAm,unrelated,440,17,0
AfAm,unrelated,441,17,0
AfAm,unrelated,442,19,0
AfAm,unrelated,443,20,0
AfAm,unrelated,444,14,0
AfAm,unrelated,445,13,0
AfAm,unrelated,446,18,0
AfAm,unrelated,447,17,0
AfAm,unrelated,448,17,0
AfAm,unrelated,449,15,0
AfAm,unrelated,450,18,0
AfAm,unrelated,451,13,0
AfAm,unrelated,452,20,0
AfAm,unrelated,453,22,0
AfAm,unrelated,454,19,0
AfAm,unrelated,455,16,0
AfAm,unrelated,456,19,0
AfAm,unrelated,457,17,0
AfAm,unrelated,458,12,0
AfAm,unrelated,459,15,0
AfAm,unrelated,460,16,0
AfAm,unrelated,461,18,0
AfAm,unrelated,462,13,0
AfAm,unrelated,463,17,0
AfAm,unrelated,464,19,0
AfAm,unrelated,465,17,0
AfAm,unrelated,466,15,0
AfAm,unrelated,467,18,0
AfAm,unrelated,468,12,0
AfAm,unrelated,469,15,0
AfAm,unrelated,470,14,0
AfAm,unrelated,471,14,0
AfAm,unrelated,472,10,0
AfAm,unrelated,473,16,0
AfAm,unrelated,474,14,0
AfAm,unrelated,475,19,0
AfAm,unrelated,476,17,0
AfAm,unrelated,477,14,0
AfAm,unrelated,478,10,0
AfAm,unrelated,479,21,0
AfAm,unrelated,480,16,0
AfAm,unrelated,481,16,0
AfAm,unrelated,482,18,0
AfAm,unrelated,483,15,0
AfAm,unrelated,484,15,0
AfAm,unrelated,485,18,0
AfAm,unrelated,486,14,0
AfAm,unrelated,487,12,0
AfAm,unrelated,488,16,0
AfAm,unrelated,489,14,0
AfAm,unrelated,490,21,0
AfAm,unrelated,491,14,0
AfAm,unrelated,492,14,0
AfAm,unrelated,493,13,0
AfAm,unrelated,494,21,0
AfAm,unrelated,495,13,0
AfAm,unrelated,496,19,0
AfAm,unrelated,497,13,0
AfAm,unrelated,498,19,0
AfAm,unrelated,499,15,0
AfAm,unrelated,500,18,0
AfAm,unrelated,501,20,0
AfAm,unrelated,502,17,0
AfAm,unrelated,503,18,0
AfAm,unrelated,504,17,0
AfAm,unrelated,505,17,0
AfAm,unrelated,506,25,0
AfAm,unrelated,507,17,0
AfAm,unrelated,508,23,0
AfAm,unrelated,509,12,0
AfAm,unrelated,510,20,0
AfAm,unrelated,511,14,0
AfAm,unrelated,512,17,0
AfAm,unrelated,513,20,0
AfAm,unrelated,514,18,0
AfAm,unrelated,515,15,0
AfAm,unrelated,516,15,0
AfAm,unrelated,517,23,0
AfAm,unrelated,518,18,0
AfAm,unrelated,519,16,0
AfAm,unrelated,520,19,0
AfAm,unrelated,521,15,0
AfAm,unrelated,522,18,0
AfAm,unrelated,523,10,0
AfAm,unrelated,524,16,0
AfAm,unrelated,525,21,0
AfAm,unrelated,526,17,0
AfAm,unrelated,527,21,0
AfAm,unrelated,528,15,0
AfAm,unrelated,529,23,0
AfAm,unrelated,530,15,0
AfAm,unrelated,531,19,0
AfAm,unrelated,532,20,0
AfAm,unrelated,533,22,0
AfAm,unrelated,534,16,0
AfAm,unrelated,535,20,0
AfAm,unrelated,536,15,0
AfAm,unrelated,537,18,0
AfAm,unrelated,538,18,0
AfAm,unrelated,539,19,0
AfAm,unrelated,540,10,0
AfAm,unrelated,541,19,0
AfAm,unrelated,542,20,0
AfAm,unrelated,543,15,0
AfAm,unrelated,544,16,0
AfAm,unrelated,545,15,0
AfAm,unrelated,546,19,0
AfAm,unrelated,547,14,0
AfAm,unrelated,548,18,0
AfAm,unrelated,549,19,0
AfAm,unrelated,550,15,0
AfAm,unrelated,551,11,0
AfAm,unrelated,552,16,0
AfAm,unrelated,553,17,0
AfAm,unrelated,554,19,0
AfAm,unrelated,555,18,0
AfAm,unrelated,556,20,0
AfAm,unrelated,557,17,0
AfAm,unrelated,558,16,0
AfAm,unrelated,559,15,0
AfAm,unrelated,560,17,0
AfAm,unrelated,561,16,0
AfAm,unrelated,562,18,0
AfAm,unrelated,563,18,0
AfAm,unrelated,564,17,0
AfAm,unrelated,565,18,0
AfAm,unrelated,566,18,0
AfAm,unrelated,567,15,0
AfAm,unrelated,568,12,0
AfAm,unrelated,569,16,0
AfAm,unrelated,570,12,0
AfAm,unrelated,571,21,0
AfAm,unrelated,572,18,0
AfAm,unrelated,573,15,0
AfAm,unrelated,574,21,0
AfAm,unrelated,575,18,0
AfAm,unrelated,576,15,0
AfAm,unrelated,577,17,0
AfAm,unrelated,578,14,0
AfAm,unrelated,579,20,0
AfAm,unrelated,580,14,0
AfAm,unrelated,581,17,0
AfAm,unrelated,582,17,0
AfAm,unrelated,583,17,0
AfAm,unrelated,584,16,0
AfAm,unrelated,585,14,0
AfAm,unrelated,586,16,0
AfAm,unrelated,587,12,0
AfAm,unrelated,588,20,0
AfAm,unrelated,589,17,0
AfAm,unrelated,590,19,0
AfAm,unrelated,591,13,0
AfAm,unrelated,592,16,0
AfAm,unrelated,593,16,0
AfAm,unrelated,594,15,0
AfAm,unrelated,595,20,0
AfAm,unrelated,596,20,0
AfAm,unrelated,597,17,0
AfAm,unrelated,598,16,0
AfAm,unrelated,599,23,0
AfAm,unrelated,600,19,0
AfAm,unrelated,601,15,0
AfAm,unrelated,602,21,0
AfAm,unrelated,603,13,0
AfAm,unrelated,604,18,0
AfAm,unrelated,605,17,0
AfAm,unrelated,606,15,0
AfAm,unrelated,607,12,0
AfAm,unrelated,608,15,0
AfAm,unrelated,609,16,0
AfAm,unrelated,610,22,0
AfAm,unrelated,611,15,0
AfAm,unrelated,612,17,0
AfAm,unrelated,613,15,0
AfAm,unrelated,614,16,0
AfAm,unrelated,615,17,0
AfAm,unrelated,616,12,0
AfAm,unrelated,617,17,0
AfAm,unrelated,618,14,0
AfAm,unrelated,619,15,0
AfAm,unrelated,620,19,0
AfAm,unrelated,621,17,0
AfAm,unrelated,622,20,0
AfAm,unrelated,623,19,0
AfAm,unrelated,624,24,0
AfAm,unrelated,625,14,0
AfAm,unrelated,626,20,0
AfAm,unrelated,627,20,0
AfAm,unrelated,628,18,0
AfAm,unrelated,629,18,0
AfAm,unrelated,630,17,0
AfAm,unrelated,631,19,0
AfAm,unrelated,632,22,0
AfAm,unrelated,633,19,0
AfAm,unrelated,634,16,0
AfAm,unrelated,635,15,0
AfAm,unrelated,636,18,0
AfAm,unrelated,637,18,0
AfAm,unrelated,638,13,0
AfAm,unrelated,639,14,0
AfAm,unrelated,640,16,0
AfAm,unrelated,641,12,0
AfAm,unrelated,642,15,0
AfAm,unrelated,643,21,0
AfAm,unrelated,644,18,0
AfAm,unrelated,645,17,0
AfAm,unrelated,646,21,0
AfAm,unrelated,647,16,0
AfAm,unrelated,648,12,0
AfAm,unrelated,649,21,0
AfAm,unrelated,650,9,0
AfAm,unrelated,651,16,0
AfAm,unrelated,652,16,0
AfAm,unrelated,653,13,0
AfAm,unrelated,654,16,0
AfAm,unrelated,655,15,0
AfAm,unrelated,656,19,0
AfAm,unrelated,657,12,0
AfAm,unrelated,658,19,0
AfAm,unrelated,659,18,0
AfAm,unrelated,660,18,0
AfAm,unrelated,661,18,0
AfAm,unrelated,662,20,0
AfAm,unrelated,663,14,0
AfAm,unrelated,664,14,0
AfAm,unrelated,665,15,0
AfAm,unrelated,666,18,0
AfAm,unrelated,667,20,0
AfAm,unrelated,668,16,0
AfAm,unrelated,669,22,0
AfAm,unrelated,670,18,0
AfAm,unrelated,671,12,0
AfAm,unrelated,672,17,0
AfAm,unrelated,673,25,0
AfAm,unrelated,674,20,0
AfAm,unrelated,675,21,0
AfAm,unrelated,676,13,0
AfAm,unrelated,677,19,0
AfAm,unrelated,678,18,0
AfAm,unrelated,679,15,0
AfAm,unrelated,680,10,0
AfAm,unrelated,681,14,0
AfAm,unrelated,682,21,0
AfAm,unrelated,683,16,0
AfAm,unrelated,684,17,0
AfAm,unrelated,685,19,0
AfAm,unrelated,686,19,0
AfAm,unrelated,687,18,0
AfAm,unrelated,688,14,0
AfAm,unrelated,689,16,0
AfAm,unrelated,690,16,0
AfAm,unrelated,691,19,0
AfAm,unrelated,692,17,0
AfAm,unrelated,693,18,0
AfAm,unrelated,694,13,0
AfAm,unrelated,695,17,0
AfAm,unrelated,696,16,0
AfAm,unrelated,697,10,0
AfAm,unrelated,698,18,0
AfAm,unrelated,699,14,0
AfAm,unrelated,700,19,0
AfAm,unrelated,701,15,0
AfAm,unrelated,702,18,0
AfAm,unrelated,703,18,0
AfAm,unrelated,704,17,0
AfAm,unrelated,705,16,0
AfAm,unrelated,706,15,0
AfAm,unrelated,707,14,0
AfAm,unrelated,708,18,0
AfAm,unrelated,709,18,0
AfAm,unrelated,710,15,0
AfAm,unrelated,711,16,0
AfAm,unrelated,712,15,0
AfAm,unrelated,713,14,0
AfAm,unrelated,714,22,0
AfAm,unrelated,715,15,0
AfAm,unrelated,716,17,0
AfAm,unrelated,717,15,0
AfAm,unrelated,718,14,0
AfAm,unrelated,719,13,0
AfAm,unrelated,720,18,0
AfAm,unrelated,721,14,0
AfAm,unrelated,722,16,0
AfAm,unrelated,723,18,0
AfAm,unrelated,724,19,0
AfAm,unrelated,725,19,0
AfAm,unrelated,726,17,0
AfAm,unrelated,727,13,0
AfAm,unrelated,728,16,0
AfAm,unrelated,729,19,0
AfAm,unrelated,730,17,0
AfAm,unrelated,731,20,0
AfAm,unrelated,732,22,0
AfAm,unrelated,733,16,0
AfAm,unrelated,734,22,0
AfAm,unrelated,735,13,0
AfAm,unrelated,736,12,0
AfAm,unrelated,737,24,0
AfAm,unrelated,738,16,0
AfAm,unrelated,739,17,0
AfAm,unrelated,740,9,0
AfAm,unrelated,741,17,0
AfAm,unrelated,742,21,0
AfAm,unrelated,743,17,0
AfAm,unrelated,744,14,0
AfAm,unrelated,745,18,0
AfAm,unrelated,746,22,0
AfAm,unrelated,747,19,0
AfAm,unrelated,748,17,0
AfAm,unrelated,749,21,0
AfAm,unrelated,750,14,0
AfAm,unrelated,751,16,0
AfAm,unrelated,752,16,0
AfAm,unrelated,753,22,0
AfAm,unrelated,754,16,0
AfAm,unrelated,755,20,0
AfAm,unrelated,756,19,0
AfAm,unrelated,757,15,0
AfAm,unrelated,758,18,0
AfAm,unrelated,759,18,0
AfAm,unrelated,760,24,0
AfAm,unrelated,761,22,0
AfAm,unrelated,762,14,0
AfAm,unrelated,763,20,0
AfAm,unrelated,764,20,0
AfAm,unrelated,765,14,0
AfAm,unrelated,766,20,0
AfAm,unrelated,767,20,0
AfAm,unrelated,768,13,0
AfAm,unrelated,769,20,0
AfAm,unrelated,770,15,0
AfAm,unrelated,771,19,0
AfAm,unrelated,772,14,0
AfAm,unrelated,773,15,0
AfAm,unrelated,774,22,0
AfAm,unrelated,775,13,0
AfAm,unrelated,776,22,0
AfAm,unrelated,777,20,0
AfAm,unrelated,778,16,0
AfAm,unrelated,779,21,0
AfAm,unrelated,780,14,0
AfAm,unrelated,781,17,0
AfAm,unrelated,782,17,0
AfAm,unrelated,783,16,0
AfAm,unrelated,784,17,0
AfAm,unrelated,785,17,0
AfAm,unrelated,786,16,0
AfAm,unrelated,787,20,0
AfAm,unrelated,788,12,0
AfAm,unrelated,789,18,0
AfAm,unrelated,790,19,0
AfAm,unrelated,791,17,0
AfAm,unrelated,792,16,0
AfAm,unrelated,793,8,0
AfAm,unrelated,794,16,0
AfAm,unrelated,795,18,0
AfAm,unrelated,796,13,0
AfAm,unrelated,797,17,0
AfAm,unrelated,798,15,0
AfAm,unrelated,799,15,0
AfAm,unrelated,800,14,0
AfAm,unrelated,801,13,0
AfAm,unrelated,802,14,0
AfAm,unrelated,803,20,0
AfAm,unrelated,804,22,0
AfAm,unrelated,805,14,0
AfAm,unrelated,806,16,0
AfAm,unrelated,807,13,0
AfAm,unrelated,808,20,0
AfAm,unrelated,809,16,0
AfAm,unrelated,810,18,0
AfAm,unrelated,811,21,0
AfAm,unrelated,812,16,0
AfAm,unrelated,813,19,0
AfAm,unrelated,814,15,0
AfAm,unrelated,815,15,0
AfAm,unrelated,816,21,0
AfAm,unrelated,817,21,0
AfAm,unrelated,818,11,0
AfAm,unrelated,819,15,0
AfAm,unrelated,820,15,0
AfAm,unrelated,821,16,0
AfAm,unrelated,822,20,0
AfAm,unrelated,823,21,0
AfAm,unrelated,824,11,0
AfAm,unrelated,825,22,0
AfAm,unrelated,826,15,0
AfAm,unrelated,827,14,0
AfAm,unrelated,828,17,0
AfAm,unrelated,829,15,0
AfAm,unrelated,830,12,0
AfAm,unrelated,831,18,0
AfAm,unrelated,832,18,0
AfAm,unrelated,833,13,0
AfAm,unrelated,834,17,0
AfAm,unrelated,835,19,0
AfAm,unrelated,836,18,0
AfAm,unrelated,837,12,0
AfAm,unrelated,838,16,0
AfAm,unrelated,839,17,0
AfAm,unrelated,840,17,0
AfAm,unrelated,841,13,0
AfAm,unrelated,842,18,0
AfAm,unrelated,843,17,0
AfAm,unrelated,844,16,0
AfAm,unrelated,845,16,0
AfAm,unrelated,846,12,0
AfAm,unrelated,847,18,0
AfAm,unrelated,848,15,0
AfAm,unrelated,849,17,0
AfAm,unrelated,850,22,0
AfAm,unrelated,851,16,0
AfAm,unrelated,852,17,0
AfAm,unrelated,853,23,0
AfAm,unrelated,854,19,0
AfAm,unrelated,855,17,0
AfAm,unrelated,856,17,0
AfAm,unrelated,857,13,0
AfAm,unrelated,858,15,0
AfAm,unrelated,859,16,0
AfAm,unrelated,860,20,0
AfAm,unrelated,861,19,0
AfAm,unrelated,862,14,0
AfAm,unrelated,863,17,0
AfAm,unrelated,864,13,0
AfAm,unrelated,865,17,0
AfAm,unrelated,866,18,0
AfAm,unrelated,867,20,0
AfAm,unrelated,868,17,0
AfAm,unrelated,869,14,0
AfAm,unrelated,870,14,0
AfAm,unrelated,871,16,0
AfAm,unrelated,872,16,0
AfAm,unrelated,873,20,0
AfAm,unrelated,874,22,0
AfAm,unrelated,875,22,0
AfAm,unrelated,876,18,0
AfAm,unrelated,877,18,0
AfAm,unrelated,878,21,0
AfAm,unrelated,879,16,0
AfAm,unrelated,880,17,0
AfAm,unrelated,881,19,0
AfAm,unrelated,882,18,0
AfAm,unrelated,883,21,0
AfAm,unrelated,884,17,0
AfAm,unrelated,885,15,0
AfAm,unrelated,886,20,0
AfAm,unrelated,887,15,0
AfAm,unrelated,888,13,0
AfAm,unrelated,889,12,0
AfAm,unrelated,890,16,0
AfAm,unrelated,891,21,0
AfAm,unrelated,892,22,0
AfAm,unrelated,893,17,0
AfAm,unrelated,894,15,0
AfAm,unrelated,895,20,0
AfAm,unrelated,896,18,0
AfAm,unrelated,897,20,0
AfAm,unrelated,898,13,0
AfAm,unrelated,899,17,0
AfAm,unrelated,900,16,0
AfAm,unrelated,901,17,0
AfAm,unrelated,902,11,0
AfAm,unrelated,903,17,0
AfAm,unrelated,904,18,0
AfAm,unrelated,905,20,0
AfAm,unrelated,906,17,0
AfAm,unrelated,907,9,0
AfAm,unrelated,908,17,0
AfAm,unrelated,909,15,0
AfAm,unrelated,910,18,0
AfAm,unrelated,911,18,0
AfAm,unrelated,912,17,0
AfAm,unrelated,913,14,0
AfAm,unrelated,914,18,0
AfAm,unrelated,915,19,0
AfAm,unrelated,916,17,0
AfAm,unrelated,917,16,0
AfAm,unrelated,918,11,0
AfAm,unrelated,919,12,0
AfAm,unrelated,920,20,0
AfAm,unrelated,921,12,0
AfAm,unrelated,922,21,0
AfAm,unrelated,923,17,0
AfAm,unrelated,924,14,0
AfAm,unrelated,925,22,0
AfAm,unrelated,926,15,0
AfAm,unrelated,927,17,0
AfAm,unrelated,928,20,0
AfAm,unrelated,929,18,0
AfAm,unrelated,930,19,0
AfAm,unrelated,931,14,0
AfAm,unrelated,932,17,0
AfAm,unrelated,933,19,0
AfAm,unrelated,934,17,0
AfAm,unrelated,935,16,0
AfAm,unrelated,936,15,0
AfAm,unrelated,937,19,0
AfAm,unrelated,938,17,0
AfAm,unrelated,939,17,0
AfAm,unrelated,940,15,0
AfAm,unrelated,941,14,0
AfAm,unrelated,942,15,0
AfAm,unrelated,943,21,0
AfAm,unrelated,944,13,0
AfAm,unrelated,945,16,0
AfAm,unrelated,946,16,0
AfAm,unrelated,947,15,0
AfAm,unrelated,948,18,0
AfAm,unrelated,949,14,0
AfAm,unrelated,950,13,0
AfAm,unrelated,951,15,0
AfAm,unrelated,952,18,0
AfAm,unrelated,953,15,0
AfAm,unrelated,954,21,0
AfAm,unrelated,955,15,0
AfAm,unrelated,956,19,0
AfAm,unrelated,957,14,0
AfAm,unrelated,958,17,0
AfAm,unrelated,959,14,0
AfAm,unrelated,960,18,0
AfAm,unrelated,961,19,0
AfAm,unrelated,962,16,0
AfAm,unrelated,963,12,0
AfAm,unrelated,964,14,0
AfAm,unrelated,965,14,0
AfAm,unrelated,966,20,0
AfAm,unrelated,967,18,0
AfAm,unrelated,968,15,0
AfAm,unrelated,969,18,0
AfAm,unrelated,970,19,0
AfAm,unrelated,971,11,0
AfAm,unrelated,972,12,0
AfAm,unrelated,973,14,0
AfAm,unrelated,974,19,0
AfAm,unrelated,975,18,0
AfAm,unrelated,976,20,0
AfAm,unrelated,977,17,0
AfAm,unrelated,978,13,0
AfAm,unrelated,979,15,0
AfAm,unrelated,980,18,0
AfAm,unrelated,981,14,0
AfAm,unrelated,982,24,0
AfAm,unrelated,983,19,0
AfAm,unrelated,984,13,0
AfAm,unrelated,985,15,0
AfAm,unrelated,986,15,0
AfAm,unrelated,987,17,0
AfAm,unrelated,988,19,0
AfAm,unrelated,989,14,0
AfAm,unrelated,990,17,0
AfAm,unrelated,991,17,0
AfAm,unrelated,992,17,0
AfAm,unrelated,993,22,0
AfAm,unrelated,994,16,0
AfAm,unrelated,995,16,0
AfAm,unrelated,996,17,0
AfAm,unrelated,997,21,0
AfAm,unrelated,998,16,0
AfAm,unrelated,999,20,0
AfAm,unrelated,1000,19,0
Asian,parent_child,1,33,47.018453641145044
Asian,parent_child,2,37,52.88158392343242
Asian,parent_child,3,34,45.52004194584406
Asian,parent_child,4,32,49.428591322420566
Asian,parent_child,5,33,55.138479807571514
Asian,parent_child,6,31,63.42189124743919
Asian,parent_child,7,35,50.42166869529607
Asian,parent_child,8,34,49.88789401305833
Asian,parent_child,9,31,51.65235488961928
Asian,parent_child,10,33,52.746766029739085
Asian,parent_child,11,34,54.27101358953068
Asian,parent_child,12,32,57.34482798286389
Asian,parent_child,13,34,50.30597873254618
Asian,parent_child,14,34,47.34981654258764
Asian,parent_child,15,34,52.05799142130649
Asian,parent_child,16,34,54.388689310364704
Asian,parent_child,17,32,51.70970851045722
Asian,parent_child,18,34,50.71653795655255
Asian,parent_child,19,36,49.70447590937216
Asian,parent_child,20,34,54.53673351843046
Asian,parent_child,21,32,57.41569188303884
Asian,parent_child,22,31,56.686399697717164
Asian,parent_child,23,37,52.975328787183834
Asian,parent_child,24,33,55.975198401712795
Asian,parent_child,25,35,61.42896962916738
Asian,parent_child,26,36,57.87772722502645
Asian,parent_child,27,32,61.77422326577616
Asian,parent_child,28,32,57.23572208146568
Asian,parent_child,29,32,59.8433650989234
Asian,parent_child,30,31,55.46746572797351
Asian,parent_child,31,33,46.49040770578513
Asian,parent_child,32,33,54.140352330466534
Asian,parent_child,33,31,55.319754512408196
Asian,parent_child,34,35,50.38597379311079
Asian,parent_child,35,33,54.93576428864503
Asian,parent_child,36,33,54.09075110106692
Asian,parent_child,37,35,52.2399136584576
Asian,parent_child,38,32,52.48225274185677
Asian,parent_child,39,32,54.65207572420144
Asian,parent_child,40,32,51.52857876346409
Asian,parent_child,41,34,50.438292670964096
Asian,parent_child,42,35,52.01642572534849
Asian,parent_child,43,32,48.07400244908172
Asian,parent_child,44,32,51.55469563642462
Asian,parent_child,45,32,57.64668068296333
Asian,parent_child,46,33,57.43715683064326
Asian,parent_child,47,33,52.77077528841467
Asian,parent_child,48,36,50.85223348339964
Asian,parent_child,49,34,54.52998741849084
Asian,parent_child,50,33,50.90932930164155
Asian,parent_child,51,36,50.4975603750362
Asian,parent_child,52,33,53.62737842883226
Asian,parent_child,53,31,57.493730909483126
Asian,parent_child,54,32,49.937153244204765
Asian,parent_child,55,34,54.667777684770336
Asian,parent_child,56,38,48.508278843077576
Asian,parent_child,57,35,50.76297530452231
Asian,parent_child,58,30,57.795660353229685
Asian,parent_child,59,33,55.84236507713885
Asian,parent_child,60,31,55.96354025589894
Asian,parent_child,61,35,49.95311825722164
Asian,parent_child,62,35,55.56770461228251
Asian,parent_child,63,33,50.49044933586979
Asian,parent_child,64,31,47.18775599488365
Asian,parent_child,65,30,54.19667479343653
Asian,parent_child,66,33,53.38538191230363
Asian,parent_child,67,39,45.187277320783224
Asian,parent_child,68,36,52.02526093773026
Asian,parent_child,69,32,52.10625866054243
Asian,parent_child,70,36,49.53526257468365
Asian,parent_child,71,34,52.42043520248514
Asian,parent_child,72,32,54.510172568006176
Asian,parent_child,73,33,48.5471507854735
Asian,parent_child,74,35,49.78996750125716
Asian,parent_child,75,35,50.592011405179164
Asian,parent_child,76,32,57.607782939146105
Asian,parent_child,77,34,52.177660010620144
Asian,parent_child,78,35,49.53275066047954
Asian,parent_child,79,31,56.94984615872061
Asian,parent_child,80,32,54.34745949770573
Asian,parent_child,81,31,59.8871449572449
Asian,parent_child,82,29,52.64348929628783
Asian,parent_child,83,36,47.45793793446004
Asian,parent_child,84,31,59.692705704164005
Asian,parent_child,85,35,46.492658443905775
Asian,parent_child,86,32,46.6392552649273
Asian,parent_child,87,34,53.978999263773396
Asian,parent_child,88,37,55.3856219879247
Asian,parent_child,89,33,53.99178719169311
Asian,parent_child,90,34,56.3047465418738
Asian,parent_child,91,35,54.20809357066692
Asian,parent_child,92,34,52.39801741468304
Asian,parent_child,93,34,51.36476902669315
Asian,parent_child,94,32,51.192295628073694
Asian,parent_child,95,33,53.20906078828178
Asian,parent_child,96,34,49.00940093726864
Asian,parent_child,97,35,46.12269181777303
Asian,parent_child,98,35,52.01275813470856
Asian,parent_child,99,35,52.908456617319665
Asian,parent_child,100,37,50.65385831475441
Asian,parent_child,101,32,50.5823098489253
Asian,parent_child,102,35,58.64622661709903
Asian,parent_child,103,30,51.75234707077076
Asian,parent_child,104,30,55.751143039497485
Asian,parent_child,105,33,55.74301973393215
Asian,parent_child,106,30,58.9937775837252
Asian,parent_child,107,33,55.826153623080046
Asian,parent_child,108,31,56.42978432645147
Asian,parent_child,109,34,49.131881335286096
Asian,parent_child,110,34,50.64522059287704
Asian,parent_child,111,32,57.61533532281246
Asian,parent_child,112,33,57.67621549347785
Asian,parent_child,113,34,54.47599702386593
Asian,parent_child,114,29,50.921973614294934
Asian,parent_child,115,35,53.18162497792135
Asian,parent_child,116,30,62.08865098672511
Asian,parent_child,117,33,56.722486786360534
Asian,parent_child,118,34,46.0955117416113
Asian,parent_child,119,34,46.13146138164484
Asian,parent_child,120,35,57.205935584193305
Asian,parent_child,121,30,63.171272686961046
Asian,parent_child,122,32,46.96339819363805
Asian,parent_child,123,32,50.49991982692231
Asian,parent_child,124,34,47.451824014446935
Asian,parent_child,125,32,51.435215819670624
Asian,parent_child,126,32,50.846460648413014
Asian,parent_child,127,33,55.34297605811436
Asian,parent_child,128,38,50.76521574522542
Asian,parent_child,129,32,50.85787290420258
Asian,parent_child,130,34,55.84676721200086
Asian,parent_child,131,32,51.743084253097436
Asian,parent_child,132,31,51.20062656495125
Asian,parent_child,133,37,54.929515507057005
Asian,parent_child,134,34,50.826146565064164
Asian,parent_child,135,35,54.1152768982333
Asian,parent_child,136,34,55.542393352686375
Asian,parent_child,137,32,53.23173100640489
Asian,parent_child,138,35,51.823870482490094
Asian,parent_child,139,32,54.80605708650532
Asian,parent_child,140,34,49.056449973105046
Asian,parent_child,141,38,50.53718447347418
Asian,parent_child,142,37,52.208234708362426
Asian,parent_child,143,34,60.671706180543474
Asian,parent_child,144,30,51.63975469840577
Asian,parent_child,145,33,55.0415760718412
Asian,parent_child,146,35,51.13682190194326
Asian,parent_child,147,30,59.70379230142924
Asian,parent_child,148,31,54.54163272528469
Asian,parent_child,149,31,54.56587271454458
Asian,parent_child,150,39,49.63434634692687
Asian,parent_child,151,32,54.28502770418583
Asian,parent_child,152,37,53.537298746895146
Asian,parent_child,153,33,51.37665820368351
Asian,parent_child,154,31,55.32211035656706
Asian,parent_child,155,32,56.59873236349086
Asian,parent_child,156,37,51.8575245855089
Asian,parent_child,157,30,55.61465942467848
Asian,parent_child,158,35,59.81288538278254
Asian,parent_child,159,36,53.627934241311884
Asian,parent_child,160,30,57.855951623541706
Asian,parent_child,161,31,54.05816252475571
Asian,parent_child,162,35,49.282859352530586
Asian,parent_child,163,30,58.313188667245086
Asian,parent_child,164,36,45.21717930536633
Asian,parent_child,165,35,53.76077443126512
Asian,parent_child,166,29,53.195150414346735
Asian,parent_child,167,35,49.56641361038279
Asian,parent_child,168,34,61.091098326184316
Asian,parent_child,169,32,60.052786049261925
Asian,parent_child,170,35,55.83893520387038
Asian,parent_child,171,33,49.38014248506449
Asian,parent_child,172,31,50.67486577498919
Asian,parent_child,173,35,49.02056148829451
Asian,parent_child,174,33,47.18364235864959
Asian,parent_child,175,33,63.102425602770566
Asian,parent_child,176,32,56.09095998205654
Asian,parent_child,177,34,52.03030296175237
Asian,parent_child,178,32,59.67585080065094
Asian,parent_child,179,34,54.02446734057939
Asian,parent_child,180,33,50.77797392533358
Asian,parent_child,181,32,57.543856391522944
Asian,parent_child,182,34,58.210863054620894
Asian,parent_child,183,35,49.702285263913694
Asian,parent_child,184,35,51.75102197211704
Asian,parent_child,185,33,55.877298737309474
Asian,parent_child,186,35,55.17945680046616
Asian,parent_child,187,36,57.52386328091219
Asian,parent_child,188,35,55.217035486849106
Asian,parent_child,189,33,50.21708226921882
Asian,parent_child,190,34,53.636633103186924
Asian,parent_child,191,32,54.993103359445094
Asian,parent_child,192,31,55.17347606855146
Asian,parent_child,193,30,56.73397028969491
Asian,parent_child,194,35,64.05644513764766
Asian,parent_child,195,31,52.78196071704079
Asian,parent_child,196,32,55.44990023885184
Asian,parent_child,197,33,51.47578337884004
Asian,parent_child,198,33,54.810501808114125
Asian,parent_child,199,35,57.87886226887209
Asian,parent_child,200,33,56.30533791809951
Asian,parent_child,201,30,61.99596690222548
Asian,parent_child,202,33,60.272654802838076
Asian,parent_child,203,33,55.27055851133418
Asian,parent_child,204,34,59.70246223150437
Asian,parent_child,205,32,52.98598325402118
Asian,parent_child,206,33,45.569677411748636
Asian,parent_child,207,33,54.409492567161315
Asian,parent_child,208,32,58.06101501015446
Asian,parent_child,209,30,53.9590031904371
Asian,parent_child,210,33,60.53653347436481
Asian,parent_child,211,32,59.622729232227556
Asian,parent_child,212,34,56.706536984801566
Asian,parent_child,213,33,50.572786877312446
Asian,parent_child,214,34,49.01852387257735
Asian,parent_child,215,31,56.9715533429015
Asian,parent_child,216,36,47.72804635027313
Asian,parent_child,217,31,53.774448962628284
Asian,parent_child,218,35,47.38015977449168
Asian,parent_child,219,32,54.17938092779664
Asian,parent_child,220,35,45.37779962610352
Asian,parent_child,221,34,53.00433090348486
Asian,parent_child,222,33,64.31811006785887
Asian,parent_child,223,32,52.12670804430019
Asian,parent_child,224,36,56.221392746435846
Asian,parent_child,225,36,54.19574926313945
Asian,parent_child,226,32,49.13281983085363
Asian,parent_child,227,32,46.79868343015427
Asian,parent_child,228,31,53.93144304635737
Asian,parent_child,229,34,56.7623267945939
Asian,parent_child,230,40,46.577538381903274
Asian,parent_child,231,33,49.46238384410075
Asian,parent_child,232,34,57.29171699184941
Asian,parent_child,233,34,50.55136499424075
Asian,parent_child,234,33,56.48735363729663
Asian,parent_child,235,33,50.575698267178346
Asian,parent_child,236,36,59.54213869642219
Asian,parent_child,237,32,53.31710454939091
Asian,parent_child,238,30,66.3433869986085
Asian,parent_child,239,33,57.977762955797694
Asian,parent_child,240,33,52.52811850028299
Asian,parent_child,241,35,57.33738494157926
Asian,parent_child,242,32,61.48323839779639
Asian,parent_child,243,38,55.65261015111862
Asian,parent_child,244,36,52.38707264927035
Asian,parent_child,245,32,48.86512726277923
Asian,parent_child,246,37,52.70638561910625
Asian,parent_child,247,33,52.30454126135195
Asian,parent_child,248,31,51.89349858924712
Asian,parent_child,249,33,64.03446674941156
Asian,parent_child,250,30,55.36348683911076
Asian,parent_child,251,31,53.67361732078765
Asian,parent_child,252,33,51.23651950701107
Asian,parent_child,253,38,52.00693351655611
Asian,parent_child,254,30,55.254833016681374
Asian,parent_child,255,31,59.07914874982861
Asian,parent_child,256,34,54.530207119383014
Asian,parent_child,257,32,49.711199182366265
Asian,parent_child,258,36,52.58062359217231
Asian,parent_child,259,34,56.97874752150721
Asian,parent_child,260,32,55.24871565273916
Asian,parent_child,261,32,55.34128178357063
Asian,parent_child,262,34,51.80813044888421
Asian,parent_child,263,33,55.284463072183364
Asian,parent_child,264,33,50.372139805611724
Asian,parent_child,265,34,55.12078803480702
Asian,parent_child,266,33,51.95343916498533
Asian,parent_child,267,31,62.202787588182666
Asian,parent_child,268,30,61.21851253958921
Asian,parent_child,269,32,54.02359407389328
Asian,parent_child,270,33,56.61408286835657
Asian,parent_child,271,36,56.59406340267701
Asian,parent_child,272,34,54.7093459207735
Asian,parent_child,273,32,64.56309129651416
Asian,parent_child,274,33,53.00436539947964
Asian,parent_child,275,34,47.71052761638473
Asian,parent_child,276,33,49.693526712967554
Asian,parent_child,277,33,51.97977640310246
Asian,parent_child,278,35,47.07012745710626
Asian,parent_child,279,31,54.94584223724479
Asian,parent_child,280,32,54.554698763719294
Asian,parent_child,281,35,50.68311052539968
Asian,parent_child,282,34,56.95107991927011
Asian,parent_child,283,30,56.50325707522468
Asian,parent_child,284,32,52.78875440945754
Asian,parent_child,285,31,61.462222647029726
Asian,parent_child,286,34,52.336927466357004
Asian,parent_child,287,34,51.66702793966292
Asian,parent_child,288,32,54.85561261537241
Asian,parent_child,289,33,56.52360291459486
Asian,parent_child,290,32,51.816914269085096
Asian,parent_child,291,30,58.09167342346225
Asian,parent_child,292,31,51.39057566369076
Asian,parent_child,293,32,50.573911503620536
Asian,parent_child,294,33,53.53070672008745
Asian,parent_child,295,32,55.450816223802256
Asian,parent_child,296,31,61.032815665537825
Asian,parent_child,297,32,56.17355654836356
Asian,parent_child,298,35,49.001064008558586
Asian,parent_child,299,33,58.587784271347495
Asian,parent_child,300,34,52.77518515764569
Asian,parent_child,301,33,49.5706515554244
Asian,parent_child,302,33,51.89512781009554
Asian,parent_child,303,29,50.55969089282747
Asian,parent_child,304,32,53.03331537585994
Asian,parent_child,305,31,54.05105755968016
Asian,parent_child,306,34,56.29519470749903
Asian,parent_child,307,31,50.9028022661913
Asian,parent_child,308,32,55.738840542274254
Asian,parent_child,309,36,56.47060984064061
Asian,parent_child,310,31,57.3023754472342
Asian,parent_child,311,37,45.83719203570733
Asian,parent_child,312,34,52.07856090025321
Asian,parent_child,313,33,53.55407462209488
Asian,parent_child,314,30,59.09074676545629
Asian,parent_child,315,35,46.62487279911323
Asian,parent_child,316,33,52.737679210224925
Asian,parent_child,317,35,50.47982628619986
Asian,parent_child,318,34,50.81877557167606
Asian,parent_child,319,31,54.96283817407926
Asian,parent_child,320,30,57.573846900536594
Asian,parent_child,321,34,53.46053476450486
Asian,parent_child,322,34,52.57996083763963
Asian,parent_child,323,33,56.51753021315659
Asian,parent_child,324,36,51.80586997146343
Asian,parent_child,325,35,56.15254561842569
Asian,parent_child,326,33,49.913220567047944
Asian,parent_child,327,36,49.9772795050375
Asian,parent_child,328,35,50.731904561183995
Asian,parent_child,329,36,44.37884939261094
Asian,parent_child,330,32,49.8165792569854
Asian,parent_child,331,33,51.388865901510925
Asian,parent_child,332,35,52.86730175311963
Asian,parent_child,333,32,52.316097543435674
Asian,parent_child,334,31,53.0949314999796
Asian,parent_child,335,34,53.95970404086262
Asian,parent_child,336,35,55.449352457675054
Asian,parent_child,337,31,53.78652077589227
Asian,parent_child,338,34,53.22181745316987
Asian,parent_child,339,33,53.37837506028756
Asian,parent_child,340,32,55.055893317740015
Asian,parent_child,341,37,50.74654146496459
Asian,parent_child,342,33,58.08082186030404
Asian,parent_child,343,33,56.723317735682485
Asian,parent_child,344,33,55.302613940985395
Asian,parent_child,345,30,59.0609614298622
Asian,parent_child,346,31,57.34439435105534
Asian,parent_child,347,37,50.81135573590961
Asian,parent_child,348,32,55.410955287053326
Asian,parent_child,349,34,56.862329815380285
Asian,parent_child,350,32,48.597790311064145
Asian,parent_child,351,34,54.03101666689414
Asian,parent_child,352,31,55.19623724913791
Asian,parent_child,353,36,59.59764140620484
Asian,parent_child,354,33,56.157784862223345
Asian,parent_child,355,35,58.83380390526845
Asian,parent_child,356,32,63.07318365749628
Asian,parent_child,357,32,50.674383065200075
Asian,parent_child,358,35,54.3338622633098
Asian,parent_child,359,38,47.92300119280893
Asian,parent_child,360,33,53.92542686393959
Asian,parent_child,361,33,54.90091299199395
Asian,parent_child,362,33,50.30641001113956
Asian,parent_child,363,31,61.777670838586396
Asian,parent_child,364,32,52.71783692535208
Asian,parent_child,365,33,51.24584850808762
Asian,parent_child,366,32,56.03027450300588
Asian,parent_child,367,30,53.35862250935503
Asian,parent_child,368,31,56.149959058232724
Asian,parent_child,369,34,62.22126453762519
Asian,parent_child,370,29,55.36571266848435
Asian,parent_child,371,32,57.576829401482165
Asian,parent_child,372,31,52.70693457411217
Asian,parent_child,373,34,49.856363435241256
Asian,parent_child,374,35,51.35582204561669
Asian,parent_child,375,33,55.447974884125856
Asian,parent_child,376,34,53.65268710606452
Asian,parent_child,377,33,54.69629309851618
Asian,parent_child,378,33,49.21238030090155
Asian,parent_child,379,36,53.39270217990676
Asian,parent_child,380,32,58.49125216122897
Asian,parent_child,381,35,48.26065523107964
Asian,parent_child,382,31,65.70995129271027
Asian,parent_child,383,32,55.05230707893726
Asian,parent_child,384,37,48.636919447444804
Asian,parent_child,385,34,46.23909067126158
Asian,parent_child,386,32,53.44088621850193
Asian,parent_child,387,33,52.036043710009274
Asian,parent_child,388,32,51.074603405317426
Asian,parent_child,389,33,54.73129170790462
Asian,parent_child,390,33,58.368665782620674
Asian,parent_child,391,32,57.59930456113986
Asian,parent_child,392,30,59.60813646863218
Asian,parent_child,393,37,46.151578699512505
Asian,parent_child,394,33,54.320958686705154
Asian,parent_child,395,31,57.83903930262381
Asian,parent_child,396,33,51.44554485392786
Asian,parent_child,397,36,55.61436110585352
Asian,parent_child,398,32,51.63873660282392
Asian,parent_child,399,31,53.51165291302067
Asian,parent_child,400,31,52.82083736644611
Asian,parent_child,401,35,46.5006777003069
Asian,parent_child,402,31,49.694834865397155
Asian,parent_child,403,31,51.49321816118748
Asian,parent_child,404,31,49.792879290194385
Asian,parent_child,405,33,67.79859025067861
Asian,parent_child,406,35,46.55238980771893
Asian,parent_child,407,31,54.65856231566152
Asian,parent_child,408,32,48.875765923007805
Asian,parent_child,409,34,54.14764988682549
Asian,parent_child,410,31,46.029191891311235
Asian,parent_child,411,32,57.12332578947872
Asian,parent_child,412,31,62.60109527759514
Asian,parent_child,413,32,50.18261446401169
Asian,parent_child,414,33,60.08451546933186
Asian,parent_child,415,32,53.5304233091802
Asian,parent_child,416,33,47.60681590319045
Asian,parent_child,417,32,48.618719487714706
Asian,parent_child,418,33,61.887394348083205
Asian,parent_child,419,34,53.15004959819062
Asian,parent_child,420,33,59.12997557266989
Asian,parent_child,421,32,54.25969784381558
Asian,parent_child,422,31,55.96135337985211
Asian,parent_child,423,33,49.91088434763381
Asian,parent_child,424,39,45.792043952215266
Asian,parent_child,425,31,53.572549653012096
Asian,parent_child,426,32,52.57370580874224
Asian,parent_child,427,36,54.84547668232565
Asian,parent_child,428,33,49.35678479337369
Asian,parent_child,429,35,56.644496253825004
Asian,parent_child,430,33,51.127763570487204
Asian,parent_child,431,33,48.15333886300679
Asian,parent_child,432,31,57.63900512146538
Asian,parent_child,433,34,46.0114265140553
Asian,parent_child,434,36,55.967911783344
Asian,parent_child,435,31,57.926512977798964
Asian,parent_child,436,35,47.647856942325596
Asian,parent_child,437,33,57.56384389004947
Asian,parent_child,438,40,49.58483979621988
Asian,parent_child,439,34,50.60989095280569
Asian,parent_child,440,31,53.52618801655484
Asian,parent_child,441,35,49.66167993435309
Asian,parent_child,442,32,60.59997802692449
Asian,parent_child,443,31,48.48042809415628
Asian,parent_child,444,35,51.84171819454045
Asian,parent_child,445,34,51.482517444520084
Asian,parent_child,446,34,47.39340300814492
Asian,parent_child,447,32,50.62654483534931
Asian,parent_child,448,33,50.27895487443411
Asian,parent_child,449,34,47.4358518196095
Asian,parent_child,450,32,57.03404581531047
Asian,parent_child,451,33,58.545448064108655
Asian,parent_child,452,32,53.54379017867659
Asian,parent_child,453,30,55.4517244730926
Asian,parent_child,454,31,50.24650550453937
Asian,parent_child,455,34,51.661961160944365
Asian,parent_child,456,34,52.292586243535816
Asian,parent_child,457,31,61.65679777275095
Asian,parent_child,458,36,53.05330619764258
Asian,parent_child,459,37,46.830702537671584
Asian,parent_child,460,34,47.02263425846931
Asian,parent_child,461,31,51.89532600168717
Asian,parent_child,462,33,53.97632477011097
Asian,parent_child,463,35,54.275799138547505
Asian,parent_child,464,33,50.14812506601434
Asian,parent_child,465,34,55.748760624326245
Asian,parent_child,466,31,58.4363728876203
Asian,parent_child,467,35,54.876524635575095
Asian,parent_child,468,32,56.650469697585045
Asian,parent_child,469,35,49.33345021032331
Asian,parent_child,470,31,59.40472632463865
Asian,parent_child,471,35,46.657340994988424
Asian,parent_child,472,32,50.343504208737386
Asian,parent_child,473,36,46.90394117927218
Asian,parent_child,474,31,55.40182978601683
Asian,parent_child,475,31,57.104292809266276
Asian,parent_child,476,33,49.650250440015355
Asian,parent_child,477,34,52.38050870098556
Asian,parent_child,478,34,51.61884716858193
Asian,parent_child,479,30,56.397296985278615
Asian,parent_child,480,33,54.44712272575822
Asian,parent_child,481,30,61.3732844428267
Asian,parent_child,482,33,54.77596447648693
Asian,parent_child,483,31,51.251799514395785
Asian,parent_child,484,34,52.420349342986924
Asian,parent_child,485,36,54.78266631699818
Asian,parent_child,486,37,50.53240683246217
Asian,parent_child,487,35,49.11691332615684
Asian,parent_child,488,37,46.28199131964157
Asian,parent_child,489,34,63.15641110139939
Asian,parent_child,490,31,57.16654599887029
Asian,parent_child,491,32,53.58059511726733
Asian,parent_child,492,35,51.111515124921134
Asian,parent_child,493,33,58.38350852713553
Asian,parent_child,494,32,49.591998269667194
Asian,parent_child,495,32,50.329522083437375
Asian,parent_child,496,32,57.41436082891166
Asian,parent_child,497,35,48.73310649754171
Asian,parent_child,498,34,52.42978646584106
Asian,parent_child,499,33,62.00161653536858
Asian,parent_child,500,34,51.04028711641556
Asian,full_siblings,1,32,72.3757887006413
Asian,full_siblings,2,38,61.228603683003726
Asian,full_siblings,3,33,61.35244806938857
Asian,full_siblings,4,36,65.24053938924088
Asian,full_siblings,5,32,63.86848010659349
Asian,full_siblings,6,35,62.43972487724327
Asian,full_siblings,7,33,67.15591533825742
Asian,full_siblings,8,29,59.39204064788697
Asian,full_siblings,9,29,60.256337104577675
Asian,full_siblings,10,33,62.966468383660995
Asian,full_siblings,11,29,63.454087611091424
Asian,full_siblings,12,37,61.72706301824882
Asian,full_siblings,13,33,63.628072103662284
Asian,full_siblings,14,33,61.3932327377036
Asian,full_siblings,15,30,58.03509551182867
Asian,full_siblings,16,39,63.138542893970985
Asian,full_siblings,17,34,67.6237730114795
Asian,full_siblings,18,37,64.51739172036865
Asian,full_siblings,19,36,61.81926944716389
Asian,full_siblings,20,32,62.71671668533917
Asian,full_siblings,21,35,55.83817319640876
Asian,full_siblings,22,32,60.55030068102926
Asian,full_siblings,23,34,68.34849062997898
Asian,full_siblings,24,31,60.30081977928712
Asian,full_siblings,25,35,64.59515542280396
Asian,full_siblings,26,39,67.3924470728972
Asian,full_siblings,27,29,65.707987347279
Asian,full_siblings,28,36,59.98027554922774
Asian,full_siblings,29,34,63.53759644724755
Asian,full_siblings,30,37,60.34824535814783
Asian,full_siblings,31,37,64.68231210109774
Asian,full_siblings,32,34,62.389863471338195
Asian,full_siblings,33,34,64.01977908235624
Asian,full_siblings,34,31,60.99019011588547
Asian,full_siblings,35,32,61.342349753281745
Asian,full_siblings,36,32,62.00001647663364
Asian,full_siblings,37,41,71.36635791887478
Asian,full_siblings,38,35,60.57746793318481
Asian,full_siblings,39,28,62.05188043111985
Asian,full_siblings,40,37,64.5242225924219
Asian,full_siblings,41,30,55.57044666921584
Asian,full_siblings,42,38,62.34338104872983
Asian,full_siblings,43,26,57.39797373435511
Asian,full_siblings,44,31,59.35296060111244
Asian,full_siblings,45,36,67.1646077934679
Asian,full_siblings,46,34,62.5545120246035
Asian,full_siblings,47,39,60.50414497141478
Asian,full_siblings,48,31,64.95792322093298
Asian,full_siblings,49,39,62.134466867234515
Asian,full_siblings,50,35,57.8080170606954
Asian,full_siblings,51,31,69.93058949504264
Asian,full_siblings,52,31,59.80867370399692
Asian,full_siblings,53,33,63.16353459186061
Asian,full_siblings,54,30,58.676649539687105
Asian,full_siblings,55,35,59.504195308418005
Asian,full_siblings,56,33,64.75986357838487
Asian,full_siblings,57,38,59.127279479322716
Asian,full_siblings,58,37,63.59744967700608
Asian,full_siblings,59,33,57.97444175991648
Asian,full_siblings,60,40,62.38569018358472
Asian,full_siblings,61,30,63.4239647630858
Asian,full_siblings,62,32,63.426526863790976
Asian,full_siblings,63,39,63.501536760895554
Asian,full_siblings,64,32,56.157440088379616
Asian,full_siblings,65,31,59.06533556201594
Asian,full_siblings,66,40,57.96777334846367
Asian,full_siblings,67,37,64.46076806572492
Asian,full_siblings,68,31,66.47682745826869
Asian,full_siblings,69,41,58.92396794901004
Asian,full_siblings,70,35,64.53683346921231
Asian,full_siblings,71,34,58.455264400504745
Asian,full_siblings,72,36,62.836989572614996
Asian,full_siblings,73,39,60.31739000610766
Asian,full_siblings,74,33,58.27674138001064
Asian,full_siblings,75,30,60.73130227015148
Asian,full_siblings,76,30,62.84159674634826
Asian,full_siblings,77,30,58.758477380054046
Asian,full_siblings,78,36,57.23793003748332
Asian,full_siblings,79,37,62.69210093667624
Asian,full_siblings,80,31,61.987566919587366
Asian,full_siblings,81,35,71.2204432326186
Asian,full_siblings,82,31,63.98348336669445
Asian,full_siblings,83,31,68.24664652432045
Asian,full_siblings,84,34,67.37527638952895
Asian,full_siblings,85,30,63.42092758200002
Asian,full_siblings,86,35,63.65869407958793
Asian,full_siblings,87,35,64.93034060800552
Asian,full_siblings,88,36,54.04224799039344
Asian,full_siblings,89,38,57.63592543150404
Asian,full_siblings,90,40,60.306580361011235
Asian,full_siblings,91,38,68.17399728533209
Asian,full_siblings,92,33,68.36737200887482
Asian,full_siblings,93,36,63.71385992661447
Asian,full_siblings,94,40,65.99205594438561
Asian,full_siblings,95,36,68.29353324189098
Asian,full_siblings,96,32,54.832247843529736
Asian,full_siblings,97,31,59.15134934465179
Asian,full_siblings,98,37,70.03560525058954
Asian,full_siblings,99,38,58.820362260537294
Asian,full_siblings,100,35,69.30040612668829
Asian,full_siblings,101,28,61.42204493388288
Asian,full_siblings,102,29,59.06144718417962
Asian,full_siblings,103,34,67.37408688678329
Asian,full_siblings,104,30,68.14969959199614
Asian,full_siblings,105,38,65.84261632729132
Asian,full_siblings,106,32,64.34435924173403
Asian,full_siblings,107,34,63.52025084864199
Asian,full_siblings,108,31,61.08030275708133
Asian,full_siblings,109,35,67.25188228320779
Asian,full_siblings,110,34,67.30887452028259
Asian,full_siblings,111,31,60.424570399634156
Asian,full_siblings,112,31,62.57764615566587
Asian,full_siblings,113,34,68.38707530467987
Asian,full_siblings,114,36,65.8460666886541
Asian,full_siblings,115,35,60.64964807782899
Asian,full_siblings,116,36,56.4310244681176
Asian,full_siblings,117,38,72.96652178142038
Asian,full_siblings,118,34,61.27703060539674
Asian,full_siblings,119,36,56.79311144204714
Asian,full_siblings,120,36,62.23602982587493
Asian,full_siblings,121,34,66.56342339872896
Asian,full_siblings,122,30,61.06842164919702
Asian,full_siblings,123,32,55.988891437569904
Asian,full_siblings,124,32,66.36557504918231
Asian,full_siblings,125,38,56.329165496547034
Asian,full_siblings,126,33,62.26052481355931
Asian,full_siblings,127,31,60.31587672658007
Asian,full_siblings,128,34,62.466350086530376
Asian,full_siblings,129,37,60.086667894962325
Asian,full_siblings,130,33,60.028616472409915
Asian,full_siblings,131,35,64.68367704945243
Asian,full_siblings,132,29,70.2644257282852
Asian,full_siblings,133,30,65.92606446291896
Asian,full_siblings,134,33,61.39567582118258
Asian,full_siblings,135,37,65.7637428791124
Asian,full_siblings,136,34,55.16677744473275
Asian,full_siblings,137,36,62.402553020206845
Asian,full_siblings,138,30,70.29799496609547
Asian,full_siblings,139,36,58.853774405502925
Asian,full_siblings,140,32,61.93578428589395
Asian,full_siblings,141,32,62.71973505388139
Asian,full_siblings,142,37,71.4932598877923
Asian,full_siblings,143,31,67.79626154423778
Asian,full_siblings,144,33,62.15275465793508
Asian,full_siblings,145,33,63.35528532330048
Asian,full_siblings,146,36,62.935609123781646
Asian,full_siblings,147,39,64.89540091601116
Asian,full_siblings,148,34,63.945715837064554
Asian,full_siblings,149,34,53.37688358296206
Asian,full_siblings,150,32,67.32876152491669
Asian,full_siblings,151,37,56.94185983612289
Asian,full_siblings,152,33,55.97568311955901
Asian,full_siblings,153,33,57.75121405258768
Asian,full_siblings,154,39,57.01739600289362
Asian,full_siblings,155,37,69.76103795804423
Asian,full_siblings,156,34,64.06055027772621
Asian,full_siblings,157,41,61.21565779178011
Asian,full_siblings,158,31,61.55747918120867
Asian,full_siblings,159,32,59.433083987579145
Asian,full_siblings,160,35,59.046221207389294
Asian,full_siblings,161,33,55.777614424889606
Asian,full_siblings,162,26,66.63696156317148
Asian,full_siblings,163,38,59.766629928905544
Asian,full_siblings,164,30,57.82300178084649
Asian,full_siblings,165,35,58.77611049897766
Asian,full_siblings,166,39,61.46679683316812
Asian,full_siblings,167,33,58.60107458246642
Asian,full_siblings,168,31,72.15652456690943
Asian,full_siblings,169,37,61.718843428528956
Asian,full_siblings,170,33,52.0117155307521
Asian,full_siblings,171,40,56.45004278568875
Asian,full_siblings,172,38,58.83315222430118
Asian,full_siblings,173,37,63.354217076928244
Asian,full_siblings,174,35,56.06392641904903
Asian,full_siblings,175,28,58.897115056274025
Asian,full_siblings,176,31,63.00090127326464
Asian,full_siblings,177,36,56.617964477346696
Asian,full_siblings,178,34,59.040694892733924
Asian,full_siblings,179,34,58.71083908263077
Asian,full_siblings,180,38,55.1791009003319
Asian,full_siblings,181,37,64.96367926125237
Asian,full_siblings,182,35,71.07508143028404
Asian,full_siblings,183,29,64.62372707737525
Asian,full_siblings,184,36,65.11536385413186
Asian,full_siblings,185,37,55.32047541099101
Asian,full_siblings,186,35,59.258977875848025
Asian,full_siblings,187,30,59.874415857171485
Asian,full_siblings,188,34,59.89001529986578
Asian,full_siblings,189,37,60.17434300153675
Asian,full_siblings,190,29,53.5971679982731
Asian,full_siblings,191,38,61.05113070199065
Asian,full_siblings,192,32,70.42130536681886
Asian,full_siblings,193,34,61.778303379578674
Asian,full_siblings,194,34,62.69888629552707
Asian,full_siblings,195,35,56.503764803538935
Asian,full_siblings,196,28,60.89631302012405
Asian,full_siblings,197,32,59.898330017947885
Asian,full_siblings,198,35,67.01920620762174
Asian,full_siblings,199,32,62.54323448348812
Asian,full_siblings,200,35,62.243416788907695
Asian,full_siblings,201,32,69.13655626191694
Asian,full_siblings,202,31,63.710938802847984
Asian,full_siblings,203,34,59.87740429365929
Asian,full_siblings,204,31,64.78072677693964
Asian,full_siblings,205,37,63.77542250252117
Asian,full_siblings,206,33,65.22014737149043
Asian,full_siblings,207,33,58.70162377283271
Asian,full_siblings,208,33,54.45554497537132
Asian,full_siblings,209,33,60.35857251742026
Asian,full_siblings,210,35,69.59559338750566
Asian,full_siblings,211,32,67.35379238759171
Asian,full_siblings,212,33,63.95717321613753
Asian,full_siblings,213,28,59.412356531174915
Asian,full_siblings,214,37,56.333705936399284
Asian,full_siblings,215,32,63.819762417940176
Asian,full_siblings,216,36,64.16928979152402
Asian,full_siblings,217,32,59.891854702189676
Asian,full_siblings,218,34,68.18891535136805
Asian,full_siblings,219,39,58.92862146757279
Asian,full_siblings,220,30,60.65758241817638
Asian,full_siblings,221,36,60.95113441608621
Asian,full_siblings,222,31,64.59750979692976
Asian,full_siblings,223,34,70.44021448668116
Asian,full_siblings,224,30,58.844911122491325
Asian,full_siblings,225,36,67.61788536575351
Asian,full_siblings,226,25,66.02585075914115
Asian,full_siblings,227,34,60.38526987810901
Asian,full_siblings,228,35,57.38008989671817
Asian,full_siblings,229,35,62.240720147768286
Asian,full_siblings,230,35,66.30633206010357
Asian,full_siblings,231,39,57.912882635371346
Asian,full_siblings,232,30,60.64795890385588
Asian,full_siblings,233,32,62.73718311309892
Asian,full_siblings,234,28,58.532580674440936
Asian,full_siblings,235,37,58.99808021735677
Asian,full_siblings,236,35,58.355547577414015
Asian,full_siblings,237,30,63.64223471293956
Asian,full_siblings,238,35,67.62573413329962
Asian,full_siblings,239,37,56.50178848723288
Asian,full_siblings,240,38,57.575932991652
Asian,full_siblings,241,32,59.12609313726483
Asian,full_siblings,242,38,65.64533969508744
Asian,full_siblings,243,30,56.211501816921576
Asian,full_siblings,244,29,54.15376035870137
Asian,full_siblings,245,35,59.423600041445255
Asian,full_siblings,246,31,70.01052933156767
Asian,full_siblings,247,26,53.32429946575705
Asian,full_siblings,248,38,54.88174431025054
Asian,full_siblings,249,39,65.19220306809896
Asian,full_siblings,250,39,57.603429734389316
Asian,full_siblings,251,33,61.268247343704964
Asian,full_siblings,252,33,67.8504471001633
Asian,full_siblings,253,32,61.752158907280744
Asian,full_siblings,254,34,60.53676868360333
Asian,full_siblings,255,37,64.05697774782769
Asian,full_siblings,256,38,58.50199676630526
Asian,full_siblings,257,32,59.111637531291905
Asian,full_siblings,258,37,60.606998018743134
Asian,full_siblings,259,34,65.69384101425756
Asian,full_siblings,260,29,68.25682819888567
Asian,full_siblings,261,34,62.257865611692075
Asian,full_siblings,262,34,73.88689679076737
Asian,full_siblings,263,30,63.59877271270676
Asian,full_siblings,264,42,64.4435390954467
Asian,full_siblings,265,35,68.53353715979412
Asian,full_siblings,266,33,59.42778806136867
Asian,full_siblings,267,37,62.938225563394056
Asian,full_siblings,268,35,68.86014028784355
Asian,full_siblings,269,32,72.53756903214709
Asian,full_siblings,270,37,64.1300846553921
Asian,full_siblings,271,24,57.017085418873634
Asian,full_siblings,272,35,61.922749388123734
Asian,full_siblings,273,34,62.97988264399897
Asian,full_siblings,274,40,60.53024656589749
Asian,full_siblings,275,34,65.22019494260452
Asian,full_siblings,276,37,63.8579942644935
Asian,full_siblings,277,34,61.05384325329242
Asian,full_siblings,278,32,57.90889369869023
Asian,full_siblings,279,33,57.82395722015943
Asian,full_siblings,280,36,60.65659660305526
Asian,full_siblings,281,30,65.1667592415477
Asian,full_siblings,282,35,64.88886950347424
Asian,full_siblings,283,41,61.18173157796549
Asian,full_siblings,284,35,68.65951059836792
Asian,full_siblings,285,36,64.7886737998283
Asian,full_siblings,286,33,61.04637196561725
Asian,full_siblings,287,27,61.44244828088901
Asian,full_siblings,288,36,63.50354034279501
Asian,full_siblings,289,37,65.88751489687843
Asian,full_siblings,290,30,71.50895783962382
Asian,full_siblings,291,32,55.76311505578368
Asian,full_siblings,292,35,62.626525702056
Asian,full_siblings,293,29,64.78903559677318
Asian,full_siblings,294,35,61.96456173085155
Asian,full_siblings,295,35,65.30036867967502
Asian,full_siblings,296,33,62.934333474496434
Asian,full_siblings,297,31,60.499450982525914
Asian,full_siblings,298,34,61.84887744989019
Asian,full_siblings,299,29,63.27408487958846
Asian,full_siblings,300,32,56.61065900945348
Asian,full_siblings,301,41,65.94433916956619
Asian,full_siblings,302,34,62.764814230739844
Asian,full_siblings,303,36,61.29107871800545
Asian,full_siblings,304,38,63.50013651669697
Asian,full_siblings,305,29,58.5424593736329
Asian,full_siblings,306,34,63.37691947800988
Asian,full_siblings,307,35,55.575703056841455
Asian,full_siblings,308,36,57.15637906328633
Asian,full_siblings,309,35,56.02662950887456
Asian,full_siblings,310,33,53.457618649169056
Asian,full_siblings,311,31,65.90382463734171
Asian,full_siblings,312,35,53.83130990091014
Asian,full_siblings,313,39,62.58615777372662
Asian,full_siblings,314,31,60.57308141308685
Asian,full_siblings,315,33,62.711580540003304
Asian,full_siblings,316,27,60.88412864155488
Asian,full_siblings,317,27,59.904679602464505
Asian,full_siblings,318,34,59.25762964634548
Asian,full_siblings,319,33,71.11444983605979
Asian,full_siblings,320,34,55.842052824478095
Asian,full_siblings,321,35,67.00288633669263
Asian,full_siblings,322,39,60.32282314957241
Asian,full_siblings,323,32,64.3597954418863
Asian,full_siblings,324,30,61.384153679748295
Asian,full_siblings,325,31,66.19821480153537
Asian,full_siblings,326,34,71.33189805087102
Asian,full_siblings,327,38,64.55275789191701
Asian,full_siblings,328,36,57.241006922311286
Asian,full_siblings,329,34,60.17248625531588
Asian,full_siblings,330,36,57.12027132001242
Asian,full_siblings,331,26,71.78489883889584
Asian,full_siblings,332,35,56.451111598905975
Asian,full_siblings,333,30,58.003221968952154
Asian,full_siblings,334,39,64.11278812997136
Asian,full_siblings,335,32,57.605831451176975
Asian,full_siblings,336,29,58.90223528347979
Asian,full_siblings,337,28,61.50079704500135
Asian,full_siblings,338,32,60.159109790934245
Asian,full_siblings,339,35,59.05319752086675
Asian,full_siblings,340,36,62.299228573109204
Asian,full_siblings,341,29,58.68970297535231
Asian,full_siblings,342,33,63.35457688156863
Asian,full_siblings,343,29,58.82860849056507
Asian,full_siblings,344,31,66.84820296047684
Asian,full_siblings,345,35,70.58497117500605
Asian,full_siblings,346,33,59.86573189508174
Asian,full_siblings,347,31,70.8095293840766
Asian,full_siblings,348,38,57.59170778236427
Asian,full_siblings,349,31,65.20331228013228
Asian,full_siblings,350,27,63.08760800238498
Asian,full_siblings,351,32,63.36847009004634
Asian,full_siblings,352,31,62.298858440044754
Asian,full_siblings,353,37,55.918909523429235
Asian,full_siblings,354,35,59.968893609950555
Asian,full_siblings,355,33,68.546154955034
Asian,full_siblings,356,33,56.047947096543
Asian,full_siblings,357,37,70.01576630948509
Asian,full_siblings,358,31,63.50456464047885
Asian,full_siblings,359,34,62.590896034874916
Asian,full_siblings,360,31,63.55437781520078
Asian,full_siblings,361,36,65.27644864661117
Asian,full_siblings,362,33,64.20129004998677
Asian,full_siblings,363,34,59.29667333954083
Asian,full_siblings,364,38,59.04828278092301
Asian,full_siblings,365,37,64.78107495489566
Asian,full_siblings,366,33,61.81427740616722
Asian,full_siblings,367,37,59.731593198225994
Asian,full_siblings,368,32,64.31688305030214
Asian,full_siblings,369,41,61.778866303064056
Asian,full_siblings,370,30,65.8101933087779
Asian,full_siblings,371,41,63.006610674993475
Asian,full_siblings,372,34,63.09020896204731
Asian,full_siblings,373,37,59.871438989500405
Asian,full_siblings,374,39,61.24088198220532
Asian,full_siblings,375,38,57.93468780903522
Asian,full_siblings,376,32,79.11185722763979
Asian,full_siblings,377,37,55.78425293601749
Asian,full_siblings,378,32,59.94044778047968
Asian,full_siblings,379,31,61.77851530848199
Asian,full_siblings,380,26,60.447261396005395
Asian,full_siblings,381,35,60.76809107629227
Asian,full_siblings,382,43,63.81521695762542
Asian,full_siblings,383,38,62.8716998186213
Asian,full_siblings,384,34,54.185890295557265
Asian,full_siblings,385,37,65.58752851958131
Asian,full_siblings,386,36,65.61875073561124
Asian,full_siblings,387,36,61.50795311206854
Asian,full_siblings,388,36,55.86883498935231
Asian,full_siblings,389,40,53.57328300105909
Asian,full_siblings,390,32,65.73824620206474
Asian,full_siblings,391,34,55.96372292542601
Asian,full_siblings,392,33,55.07622785872432
Asian,full_siblings,393,34,63.32565766427784
Asian,full_siblings,394,33,63.06027207044218
Asian,full_siblings,395,29,65.12366216721036
Asian,full_siblings,396,35,60.938706736396036
Asian,full_siblings,397,31,67.93285202661882
Asian,full_siblings,398,35,62.854523095203334
Asian,full_siblings,399,35,57.79821117230269
Asian,full_siblings,400,37,64.8360028080913
Asian,full_siblings,401,28,59.82942476241068
Asian,full_siblings,402,31,58.72192463033793
Asian,full_siblings,403,39,62.09432022078792
Asian,full_siblings,404,31,57.14509141776153
Asian,full_siblings,405,37,68.59948082197965
Asian,full_siblings,406,32,61.17692130453383
Asian,full_siblings,407,29,57.412831145297844
Asian,full_siblings,408,29,59.958751515863675
Asian,full_siblings,409,32,64.052193720567
Asian,full_siblings,410,36,60.4435423717813
Asian,full_siblings,411,33,63.282574441713095
Asian,full_siblings,412,40,58.80734783120577
Asian,full_siblings,413,35,60.437195251914495
Asian,full_siblings,414,30,67.80376237299787
Asian,full_siblings,415,38,54.575000405807714
Asian,full_siblings,416,30,62.362184064742294
Asian,full_siblings,417,32,66.85446173424936
Asian,full_siblings,418,34,65.30844499182705
Asian,full_siblings,419,35,57.90015172309876
Asian,full_siblings,420,35,67.68891157947846
Asian,full_siblings,421,33,62.04750658262289
Asian,full_siblings,422,36,63.507549091706856
Asian,full_siblings,423,33,69.16365820592013
Asian,full_siblings,424,35,57.175856359008776
Asian,full_siblings,425,32,54.51038428101414
Asian,full_siblings,426,32,60.62675925890916
Asian,full_siblings,427,33,61.053541399199986
Asian,full_siblings,428,35,59.422470799352524
Asian,full_siblings,429,42,61.95144955153572
Asian,full_siblings,430,30,64.8599235512691
Asian,full_siblings,431,31,64.71553966974209
Asian,full_siblings,432,40,59.30372673547361
Asian,full_siblings,433,32,58.89304487377448
Asian,full_siblings,434,35,66.61060269491347
Asian,full_siblings,435,38,62.68445547737173
Asian,full_siblings,436,30,65.19771226804039
Asian,full_siblings,437,36,60.526445397850125
Asian,full_siblings,438,30,63.00550082030016
Asian,full_siblings,439,35,63.244937309299246
Asian,full_siblings,440,35,57.72760867675549
Asian,full_siblings,441,30,55.04568714042585
Asian,full_siblings,442,39,59.792299096488875
Asian,full_siblings,443,33,61.57148268005805
Asian,full_siblings,444,33,62.48302239010645
Asian,full_siblings,445,35,65.25408554944723
Asian,full_siblings,446,31,64.13690291823202
Asian,full_siblings,447,27,59.902819126016844
Asian,full_siblings,448,34,61.76141930726624
Asian,full_siblings,449,34,55.6109094761021
Asian,full_siblings,450,35,67.25556925611035
Asian,full_siblings,451,33,69.60695230758172
Asian,full_siblings,452,32,63.32769455171054
Asian,full_siblings,453,33,59.29417743078387
Asian,full_siblings,454,33,66.43699424876786
Asian,full_siblings,455,33,62.666855520632765
Asian,full_siblings,456,35,59.43891890450698
Asian,full_siblings,457,28,64.56852455581785
Asian,full_siblings,458,40,68.133206098383
Asian,full_siblings,459,32,62.97196740949273
Asian,full_siblings,460,28,71.57114747653996
Asian,full_siblings,461,33,61.20990833606823
Asian,full_siblings,462,32,65.16177825388357
Asian,full_siblings,463,34,60.943186038779494
Asian,full_siblings,464,30,61.663135155577564
Asian,full_siblings,465,35,66.95380795042689
Asian,full_siblings,466,27,60.46458317836755
Asian,full_siblings,467,34,61.11755786719828
Asian,full_siblings,468,31,62.85304751219299
Asian,full_siblings,469,37,63.536016717696405
Asian,full_siblings,470,32,59.660560503527734
Asian,full_siblings,471,34,62.53284421411538
Asian,full_siblings,472,31,54.616809921834054
Asian,full_siblings,473,35,58.04211437917843
Asian,full_siblings,474,30,66.44688081470711
Asian,full_siblings,475,35,63.340235726884
Asian,full_siblings,476,32,61.60703756882939
Asian,full_siblings,477,39,65.24669803891395
Asian,full_siblings,478,36,62.30119350590221
Asian,full_siblings,479,32,58.7782327431661
Asian,full_siblings,480,37,67.28307510236502
Asian,full_siblings,481,33,63.286523902968405
Asian,full_siblings,482,32,62.668289587212044
Asian,full_siblings,483,33,66.15040926271695
Asian,full_siblings,484,30,60.440023140751585
Asian,full_siblings,485,28,66.25971200885094
Asian,full_siblings,486,30,62.85643346001866
Asian,full_siblings,487,36,59.70710236445061
Asian,full_siblings,488,41,68.42218144150735
Asian,full_siblings,489,31,60.23142531288464
Asian,full_siblings,490,40,61.525226899184446
Asian,full_siblings,491,36,59.81056369554265
Asian,full_siblings,492,36,59.723332107836654
Asian,full_siblings,493,36,59.024592758550206
Asian,full_siblings,494,35,63.42866773843168
Asian,full_siblings,495,29,70.43630918912648
Asian,full_siblings,496,42,67.02444840559745
Asian,full_siblings,497,21,60.37138614680468
Asian,full_siblings,498,30,63.1779488669619
Asian,full_siblings,499,27,62.98094041818022
Asian,full_siblings,500,37,66.88733060681697
Asian,half_siblings,1,25,26.161804433409866
Asian,half_siblings,2,23,16.17461711961687
Asian,half_siblings,3,25,20.247380960947844
Asian,half_siblings,4,23,26.05291644363904
Asian,half_siblings,5,31,32.54912944584445
Asian,half_siblings,6,30,37.28039695936574
Asian,half_siblings,7,24,23.99272582619774
Asian,half_siblings,8,29,18.33898368954766
Asian,half_siblings,9,27,25.909154550326367
Asian,half_siblings,10,29,36.09833376266033
Asian,half_siblings,11,21,21.238296336003074
Asian,half_siblings,12,25,20.072362133339645
Asian,half_siblings,13,22,19.322956562262924
Asian,half_siblings,14,28,25.865855551082955
Asian,half_siblings,15,28,23.171271553103903
Asian,half_siblings,16,24,23.851320602590732
Asian,half_siblings,17,26,17.18381571402666
Asian,half_siblings,18,26,24.974396147422297
Asian,half_siblings,19,25,25.53393596338971
Asian,half_siblings,20,18,16.483433317546368
Asian,half_siblings,21,32,28.53376385806785
Asian,half_siblings,22,29,19.52814421494282
Asian,half_siblings,23,21,13.250089579883095
Asian,half_siblings,24,21,21.063278563938407
Asian,half_siblings,25,28,25.175568996400095
Asian,half_siblings,26,25,23.756588040655032
Asian,half_siblings,27,25,27.243241857223005
Asian,half_siblings,28,28,28.170100792728086
Asian,half_siblings,29,24,17.56482174399984
Asian,half_siblings,30,29,29.17971891969652
Asian,half_siblings,31,30,28.389926971786192
Asian,half_siblings,32,21,21.37727163287448
Asian,half_siblings,33,24,18.354169743107526
Asian,half_siblings,34,23,18.98995379954966
Asian,half_siblings,35,22,26.533628040308603
Asian,half_siblings,36,26,24.203022808340837
Asian,half_siblings,37,23,22.818633398328583
Asian,half_siblings,38,25,18.868785564463526
Asian,half_siblings,39,27,26.894098002930587
Asian,half_siblings,40,25,32.178087660246845
Asian,half_siblings,41,26,19.63204745372392
Asian,half_siblings,42,30,18.39322973311183
Asian,half_siblings,43,25,27.42393232683679
Asian,half_siblings,44,28,21.975605676125227
Asian,half_siblings,45,24,18.841603044415425
Asian,half_siblings,46,27,27.80972035274523
Asian,half_siblings,47,20,19.70269686424367
Asian,half_siblings,48,20,11.532212533510995
Asian,half_siblings,49,27,35.330453254849395
Asian,half_siblings,50,21,16.745702282261796
Asian,half_siblings,51,20,14.236431495771308
Asian,half_siblings,52,25,24.021251691271342
Asian,half_siblings,53,29,24.479697591662447
Asian,half_siblings,54,23,31.69007483123831
Asian,half_siblings,55,26,30.24219359717261
Asian,half_siblings,56,26,20.982347837345657
Asian,half_siblings,57,26,23.859379597255536
Asian,half_siblings,58,22,12.098348010466484
Asian,half_siblings,59,25,29.014554358287516
Asian,half_siblings,60,28,30.971495985201823
Asian,half_siblings,61,25,17.85527001599676
Asian,half_siblings,62,26,28.262788194021738
Asian,half_siblings,63,26,19.321629892874757
Asian,half_siblings,64,26,17.379569454240603
Asian,half_siblings,65,23,18.796397436877296
Asian,half_siblings,66,21,10.682035793374068
Asian,half_siblings,67,22,15.866094994290117
Asian,half_siblings,68,26,31.704495224949945
Asian,half_siblings,69,31,32.03902367359639
Asian,half_siblings,70,29,30.443226806636126
Asian,half_siblings,71,22,19.652253128996858
Asian,half_siblings,72,27,27.593222278705984
Asian,half_siblings,73,24,24.805474611539303
Asian,half_siblings,74,22,21.303862110837724
Asian,half_siblings,75,24,20.262707140939135
Asian,half_siblings,76,27,17.01860190114431
Asian,half_siblings,77,24,29.022999722580312
Asian,half_siblings,78,24,14.918723651079674
Asian,half_siblings,79,25,20.90493347102197
Asian,half_siblings,80,24,27.07866720222582
Asian,half_siblings,81,26,24.314875175466362
Asian,half_siblings,82,21,15.359581087600565
Asian,half_siblings,83,24,18.842147729305395
Asian,half_siblings,84,19,19.350361577811235
Asian,half_siblings,85,22,24.29611703875588
Asian,half_siblings,86,18,16.70250248679196
Asian,half_siblings,87,28,19.921503648640055
Asian,half_siblings,88,23,31.554360641629177
Asian,half_siblings,89,29,32.72611947474373
Asian,half_siblings,90,25,22.569483546035173
Asian,half_siblings,91,24,27.254953606041553
Asian,half_siblings,92,24,17.813373296867084
Asian,half_siblings,93,26,16.251536700252665
Asian,half_siblings,94,30,22.409109422043585
Asian,half_siblings,95,23,14.182422748413261
Asian,half_siblings,96,27,27.967975087108382
Asian,half_siblings,97,23,17.082925295011147
Asian,half_siblings,98,15,8.92875246086906
Asian,half_siblings,99,28,19.949337829575956
Asian,half_siblings,100,25,20.964299315722204
Asian,half_siblings,101,23,22.037208015258486
Asian,half_siblings,102,21,13.113386964773571
Asian,half_siblings,103,24,19.624788404427054
Asian,half_siblings,104,28,24.238103808459073
Asian,half_siblings,105,29,26.277713369201823
Asian,half_siblings,106,26,26.896803387963743
Asian,half_siblings,107,30,21.868879863896623
Asian,half_siblings,108,26,28.892656772702523
Asian,half_siblings,109,26,27.03470811386618
Asian,half_siblings,110,19,11.667201613919714
Asian,half_siblings,111,24,18.455858445958498
Asian,half_siblings,112,29,18.850461158531335
Asian,half_siblings,113,30,26.075915365943953
Asian,half_siblings,114,27,25.19210099236433
Asian,half_siblings,115,21,15.059242767003683
Asian,half_siblings,116,22,21.702544399169973
Asian,half_siblings,117,26,25.398574490943215
Asian,half_siblings,118,30,24.18131717421775
Asian,half_siblings,119,27,27.722339921190652
Asian,half_siblings,120,27,24.381282691265874
Asian,half_siblings,121,23,15.8849927343048
Asian,half_siblings,122,24,16.260114908127925
Asian,half_siblings,123,26,25.24638552296999
Asian,half_siblings,124,22,17.131774314603632
Asian,half_siblings,125,28,22.94985060791893
Asian,half_siblings,126,22,18.859462426075698
Asian,half_siblings,127,26,26.42875108796506
Asian,half_siblings,128,22,19.054353679855904
Asian,half_siblings,129,26,26.351907383056137
Asian,half_siblings,130,22,22.28178122019337
Asian,half_siblings,131,26,18.802908782408032
Asian,half_siblings,132,20,22.094386855189992
Asian,half_siblings,133,32,35.630407611196524
Asian,half_siblings,134,20,22.398378730553564
Asian,half_siblings,135,24,20.126754929944656
Asian,half_siblings,136,25,26.696081606417973
Asian,half_siblings,137,24,18.795322991552858
Asian,half_siblings,138,26,28.24257968877106
Asian,half_siblings,139,29,30.314399288707897
Asian,half_siblings,140,23,18.986267241744887
Asian,half_siblings,141,27,20.949656114346396
Asian,half_siblings,142,20,13.6891847518461
Asian,half_siblings,143,23,22.63685382420339
Asian,half_siblings,144,25,25.1788238980415
Asian,half_siblings,145,24,14.152598602810361
Asian,half_siblings,146,23,21.895288005961675
Asian,half_siblings,147,18,19.15742177712197
Asian,half_siblings,148,27,23.748001967530456
Asian,half_siblings,149,25,19.409875247210824
Asian,half_siblings,150,23,22.664032054622645
Asian,half_siblings,151,26,16.510414241500005
Asian,half_siblings,152,22,28.958590274458828
Asian,half_siblings,153,27,23.428751123796552
Asian,half_siblings,154,25,25.05890497279185
Asian,half_siblings,155,24,20.17818043923822
Asian,half_siblings,156,24,17.77979426019915
Asian,half_siblings,157,22,15.355079137749925
Asian,half_siblings,158,23,22.9288058639444
Asian,half_siblings,159,23,19.067139145745802
Asian,half_siblings,160,22,18.94057496442683
Asian,half_siblings,161,26,21.061899864871705
Asian,half_siblings,162,24,18.40646681378395
Asian,half_siblings,163,28,25.510598614576743
Asian,half_siblings,164,24,21.161919273772092
Asian,half_siblings,165,30,20.721101333296332
Asian,half_siblings,166,26,19.44478187082502
Asian,half_siblings,167,23,25.45259352019569
Asian,half_siblings,168,20,13.871388959911414
Asian,half_siblings,169,26,29.431606763515383
Asian,half_siblings,170,27,19.72943342384614
Asian,half_siblings,171,28,21.48874493811042
Asian,half_siblings,172,26,25.940356834007485
Asian,half_siblings,173,19,9.905332144069998
Asian,half_siblings,174,22,25.536810226420656
Asian,half_siblings,175,26,18.091040895722834
Asian,half_siblings,176,23,17.172145436792334
Asian,half_siblings,177,26,23.063876759503582
Asian,half_siblings,178,29,25.454095521288824
Asian,half_siblings,179,26,32.74396881122979
Asian,half_siblings,180,20,13.94962267343566
Asian,half_siblings,181,22,22.018386018188107
Asian,half_siblings,182,26,19.33537162804796
Asian,half_siblings,183,24,20.245602896696013
Asian,half_siblings,184,24,20.451820861917835
Asian,half_siblings,185,24,17.974537472651352
Asian,half_siblings,186,27,20.55227250524161
Asian,half_siblings,187,27,36.11994661448171
Asian,half_siblings,188,23,22.484648584303635
Asian,half_siblings,189,21,19.236924408728093
Asian,half_siblings,190,25,28.089635737217527
Asian,half_siblings,191,20,11.28584930347094
Asian,half_siblings,192,28,24.548851035224438
Asian,half_siblings,193,28,31.952833965251735
Asian,half_siblings,194,27,36.64147043531161
Asian,half_siblings,195,32,29.815414584383266
Asian,half_siblings,196,28,26.572185121330786
Asian,half_siblings,197,31,33.91780211261882
Asian,half_siblings,198,26,22.65526566308385
Asian,half_siblings,199,23,19.88865096001248
Asian,half_siblings,200,28,25.06950975025782
Asian,half_siblings,201,27,20.31065241976583
Asian,half_siblings,202,23,32.422533941643195
Asian,half_siblings,203,28,28.34071828040662
Asian,half_siblings,204,30,33.56848500431377
Asian,half_siblings,205,27,35.12110434832784
Asian,half_siblings,206,25,22.000673290096163
Asian,half_siblings,207,30,26.962338561868762
Asian,half_siblings,208,29,39.46189690184011
Asian,half_siblings,209,26,22.691008574534116
Asian,half_siblings,210,25,27.18174771853142
Asian,half_siblings,211,20,17.5613907678238
Asian,half_siblings,212,28,20.303509248278253
Asian,half_siblings,213,25,20.227460686988206
Asian,half_siblings,214,31,25.578704775272968
Asian,half_siblings,215,25,23.161080608325864
Asian,half_siblings,216,29,24.03375139740573
Asian,half_siblings,217,23,18.95815302833939
Asian,half_siblings,218,27,32.97328441892141
Asian,half_siblings,219,24,12.759866500565655
Asian,half_siblings,220,22,19.004242762906035
Asian,half_siblings,221,21,23.70086523392271
Asian,half_siblings,222,28,29.158938788343715
Asian,half_siblings,223,25,24.47661339178057
Asian,half_siblings,224,27,22.064841679220162
Asian,half_siblings,225,26,24.235085154441236
Asian,half_siblings,226,24,20.32078824094481
Asian,half_siblings,227,22,21.314009879562647
Asian,half_siblings,228,24,23.671516291816182
Asian,half_siblings,229,26,24.371774559405516
Asian,half_siblings,230,22,16.436538254228335
Asian,half_siblings,231,29,22.517957206295623
Asian,half_siblings,232,21,21.61315969690687
Asian,half_siblings,233,28,34.72805440714407
Asian,half_siblings,234,19,4.910352940872475
Asian,half_siblings,235,25,24.36689181736706
Asian,half_siblings,236,23,21.404661296352703
Asian,half_siblings,237,24,25.755911834782573
Asian,half_siblings,238,20,17.244387569229414
Asian,half_siblings,239,29,29.91601017060329
Asian,half_siblings,240,30,28.832308705355743
Asian,half_siblings,241,28,24.624585298467508
Asian,half_siblings,242,26,26.295829921734192
Asian,half_siblings,243,29,21.584644886538626
Asian,half_siblings,244,19,9.551579852105215
Asian,half_siblings,245,25,28.52927508904569
Asian,half_siblings,246,26,20.610881201170265
Asian,half_siblings,247,25,23.42058564694136
Asian,half_siblings,248,27,30.90679099807021
Asian,half_siblings,249,23,14.097053393456509
Asian,half_siblings,250,26,27.699949959511354
Asian,half_siblings,251,20,15.548533366258686
Asian,half_siblings,252,27,23.52198844938636
Asian,half_siblings,253,26,27.838921476288125
Asian,half_siblings,254,27,27.217647430114628
Asian,half_siblings,255,25,18.032769781801935
Asian,half_siblings,256,22,28.44696224843305
Asian,half_siblings,257,32,26.601056620097467
Asian,half_siblings,258,23,30.97212610076359
Asian,half_siblings,259,27,23.12690247359701
Asian,half_siblings,260,23,14.467586702530106
Asian,half_siblings,261,28,20.705652526395394
Asian,half_siblings,262,21,19.522126623488234
Asian,half_siblings,263,26,23.0680720598433
Asian,half_siblings,264,28,25.557624530496692
Asian,half_siblings,265,26,22.981369156467267
Asian,half_siblings,266,24,26.40167386255293
Asian,half_siblings,267,17,5.421069368949488
Asian,half_siblings,268,27,30.0498330116486
Asian,half_siblings,269,25,17.496861985493393
Asian,half_siblings,270,24,18.699529277831306
Asian,half_siblings,271,27,26.862631098770358
Asian,half_siblings,272,20,24.43597530713235
Asian,half_siblings,273,28,26.622069579078083
Asian,half_siblings,274,28,24.601438289249952
Asian,half_siblings,275,29,35.10124519810653
Asian,half_siblings,276,19,10.719300162859911
Asian,half_siblings,277,28,25.90889061636717
Asian,half_siblings,278,33,29.341972244798434
Asian,half_siblings,279,21,16.172569957807802
Asian,half_siblings,280,23,15.156797315491119
Asian,half_siblings,281,29,23.75852544972786
Asian,half_siblings,282,20,9.126812816251782
Asian,half_siblings,283,26,28.180746247521387
Asian,half_siblings,284,23,21.587766224469252
Asian,half_siblings,285,31,37.6542800754224
Asian,half_siblings,286,22,20.84476087789733
Asian,half_siblings,287,22,30.37529264966485
Asian,half_siblings,288,31,24.041746755771722
Asian,half_siblings,289,24,22.250550269296323
Asian,half_siblings,290,24,20.4581572142139
Asian,half_siblings,291,24,21.12245841970583
Asian,half_siblings,292,21,18.288168239537956
Asian,half_siblings,293,30,33.51226460012784
Asian,half_siblings,294,26,31.38227632860318
Asian,half_siblings,295,21,15.292370165761337
Asian,half_siblings,296,26,29.277909066870176
Asian,half_siblings,297,27,29.08140139667284
Asian,half_siblings,298,27,25.667574675667552
Asian,half_siblings,299,22,13.86076688403704
Asian,half_siblings,300,22,20.309665802377488
Asian,half_siblings,301,29,23.41261606006582
Asian,half_siblings,302,26,29.775415264646675
Asian,half_siblings,303,23,16.723575591403552
Asian,half_siblings,304,32,26.01293604821369
Asian,half_siblings,305,24,25.288267361923314
Asian,half_siblings,306,24,25.425438273381058
Asian,half_siblings,307,25,21.49091959311825
Asian,half_siblings,308,29,30.435241396086017
Asian,half_siblings,309,23,21.886523781686797
Asian,half_siblings,310,23,17.024117311042918
Asian,half_siblings,311,25,25.15562713665152
Asian,half_siblings,312,28,31.82234345383431
Asian,half_siblings,313,24,13.468692613815495
Asian,half_siblings,314,30,32.065631926489644
Asian,half_siblings,315,27,25.369458777064803
Asian,half_siblings,316,24,17.70969425350549
Asian,half_siblings,317,28,25.36572824946996
Asian,half_siblings,318,22,21.896782310802056
Asian,half_siblings,319,24,23.135616356815408
Asian,half_siblings,320,32,21.980831441888867
Asian,half_siblings,321,24,17.958782399443074
Asian,half_siblings,322,25,18.780874946622657
Asian,half_siblings,323,18,9.19370188122584
Asian,half_siblings,324,25,25.034402606182528
Asian,half_siblings,325,26,18.634866534981082
Asian,half_siblings,326,16,6.130473883098151
Asian,half_siblings,327,23,21.576627454658883
Asian,half_siblings,328,25,32.14668956241811
Asian,half_siblings,329,23,13.351029013100518
Asian,half_siblings,330,21,27.20971478216064
Asian,half_siblings,331,27,19.099041508424612
Asian,half_siblings,332,23,20.242993177991746
Asian,half_siblings,333,24,22.90904213230043
Asian,half_siblings,334,20,14.691800381248285
Asian,half_siblings,335,23,20.585311992161607
Asian,half_siblings,336,27,25.54181060382229
Asian,half_siblings,337,25,26.347595522945902
Asian,half_siblings,338,24,15.1943649859589
Asian,half_siblings,339,31,29.97748810332237
Asian,half_siblings,340,25,21.282197149957074
Asian,half_siblings,341,25,20.42725133581066
Asian,half_siblings,342,26,26.907326652319004
Asian,half_siblings,343,25,33.081630603752416
Asian,half_siblings,344,23,27.878493707611575
Asian,half_siblings,345,22,24.890655551037828
Asian,half_siblings,346,22,11.798702446224613
Asian,half_siblings,347,23,20.12207746606688
Asian,half_siblings,348,25,20.528325227232834
Asian,half_siblings,349,24,21.318257696110486
Asian,half_siblings,350,25,27.25329409257546
Asian,half_siblings,351,33,34.440329833319424
Asian,half_siblings,352,26,22.7918241076476
Asian,half_siblings,353,21,12.316552842333246
Asian,half_siblings,354,23,11.339860530634198
Asian,half_siblings,355,25,25.634184737425457
Asian,half_siblings,356,27,29.94359798820986
Asian,half_siblings,357,27,28.428583450752367
Asian,half_siblings,358,30,21.301148632379956
Asian,half_siblings,359,24,19.97922332648119
Asian,half_siblings,360,27,19.361003009768826
Asian,half_siblings,361,27,23.752120106195388
Asian,half_siblings,362,18,11.776402999324864
Asian,half_siblings,363,23,17.04512071322978
Asian,half_siblings,364,27,31.435803264094368
Asian,half_siblings,365,30,30.010332715416013
Asian,half_siblings,366,23,14.262433530263591
Asian,half_siblings,367,23,22.28433501006172
Asian,half_siblings,368,26,23.471279128912574
Asian,half_siblings,369,23,28.99003782238191
Asian,half_siblings,370,23,17.43217240536197
Asian,half_siblings,371,24,18.329001206021807
Asian,half_siblings,372,22,21.01260127702158
Asian,half_siblings,373,26,29.1403953868598
Asian,half_siblings,374,26,23.76573276116719
Asian,half_siblings,375,27,26.340781474309857
Asian,half_siblings,376,27,30.95242656283594
Asian,half_siblings,377,29,30.521815412863035
Asian,half_siblings,378,25,17.47684183573551
Asian,half_siblings,379,26,29.884514372857
Asian,half_siblings,380,28,25.934501353077653
Asian,half_siblings,381,21,25.188367963873056
Asian,half_siblings,382,31,29.48764919744306
Asian,half_siblings,383,20,20.871123739242044
Asian,half_siblings,384,29,17.822093534447383
Asian,half_siblings,385,28,26.263178417053897
Asian,half_siblings,386,22,16.214993586810508
Asian,half_siblings,387,25,22.72408236988601
Asian,half_siblings,388,16,9.457037841760515
Asian,half_siblings,389,24,36.55254946416694
Asian,half_siblings,390,29,29.38271948162106
Asian,half_siblings,391,27,22.745519967843713
Asian,half_siblings,392,22,21.11068889900022
Asian,half_siblings,393,29,22.093197203928597
Asian,half_siblings,394,26,23.48011550134673
Asian,half_siblings,395,25,33.78222577748213
Asian,half_siblings,396,25,9.302887379593804
Asian,half_siblings,397,21,21.172115990070342
Asian,half_siblings,398,23,21.453449870880398
Asian,half_siblings,399,29,22.923810859208658
Asian,half_siblings,400,29,28.896955998006895
Asian,half_siblings,401,22,28.550387248443393
Asian,half_siblings,402,22,21.63064667124532
Asian,half_siblings,403,24,16.216409236104166
Asian,half_siblings,404,26,25.285179693595094
Asian,half_siblings,405,26,28.698259099555028
Asian,half_siblings,406,24,28.4344172360015
Asian,half_siblings,407,27,21.600706831145974
Asian,half_siblings,408,24,23.151210231009784
Asian,half_siblings,409,23,24.416944649560154
Asian,half_siblings,410,28,24.440071970276644
Asian,half_siblings,411,21,27.869486015227057
Asian,half_siblings,412,28,27.680026224707976
Asian,half_siblings,413,29,19.686065373182267
Asian,half_siblings,414,19,13.557774831446537
Asian,half_siblings,415,27,23.122275943882237
Asian,half_siblings,416,26,20.6529400878879
Asian,half_siblings,417,26,24.74237658281683
Asian,half_siblings,418,29,26.126173521111006
Asian,half_siblings,419,26,26.125450359065944
Asian,half_siblings,420,23,19.329983387607562
Asian,half_siblings,421,23,26.064350360703408
Asian,half_siblings,422,20,11.071462269658367
Asian,half_siblings,423,27,20.25586735339567
Asian,half_siblings,424,24,24.882879286838907
Asian,half_siblings,425,29,31.119711456909727
Asian,half_siblings,426,26,26.537575648599574
Asian,half_siblings,427,22,17.056374105525833
Asian,half_siblings,428,25,29.881605497066626
Asian,half_siblings,429,25,22.696345609962247
Asian,half_siblings,430,26,22.498364290320776
Asian,half_siblings,431,22,20.409406938412907
Asian,half_siblings,432,25,19.981169719129454
Asian,half_siblings,433,25,26.506150329742326
Asian,half_siblings,434,21,22.765641852762567
Asian,half_siblings,435,24,19.08942012936046
Asian,half_siblings,436,23,20.1670539918036
Asian,half_siblings,437,25,17.059124893042238
Asian,half_siblings,438,25,18.769014225545842
Asian,half_siblings,439,23,20.310186915851137
Asian,half_siblings,440,25,20.513482747367448
Asian,half_siblings,441,23,28.557752709278162
Asian,half_siblings,442,27,25.673638489315618
Asian,half_siblings,443,29,31.649312201530496
Asian,half_siblings,444,25,20.488371641029907
Asian,half_siblings,445,23,16.950947865151974
Asian,half_siblings,446,26,22.50952419874355
Asian,half_siblings,447,27,27.8403928134867
Asian,half_siblings,448,26,22.051126185142557
Asian,half_siblings,449,28,31.58922493597742
Asian,half_siblings,450,22,19.974078278171174
Asian,half_siblings,451,19,13.207310852029439
Asian,half_siblings,452,27,23.27236861730189
Asian,half_siblings,453,26,25.801635950733257
Asian,half_siblings,454,28,23.195382960744848
Asian,half_siblings,455,26,29.777834209507013
Asian,half_siblings,456,25,17.35515859657929
Asian,half_siblings,457,25,25.953745353402553
Asian,half_siblings,458,25,31.13680585971263
Asian,half_siblings,459,24,9.995183278445339
Asian,half_siblings,460,20,14.35839796790552
Asian,half_siblings,461,27,24.321126394923034
Asian,half_siblings,462,26,27.017463504516773
Asian,half_siblings,463,27,25.019589810934967
Asian,half_siblings,464,23,22.57214522393118
Asian,half_siblings,465,24,24.81083113777048
Asian,half_siblings,466,15,4.830250972237372
Asian,half_siblings,467,29,32.819422989504005
Asian,half_siblings,468,26,24.972077484430574
Asian,half_siblings,469,25,30.49651251470014
Asian,half_siblings,470,25,23.985709272251338
Asian,half_siblings,471,27,23.915281044764935
Asian,half_siblings,472,23,15.11489492369285
Asian,half_siblings,473,17,10.025362592571149
Asian,half_siblings,474,23,26.000683284835855
Asian,half_siblings,475,28,24.95503516380518
Asian,half_siblings,476,24,24.702129152775534
Asian,half_siblings,477,18,11.867373944049142
Asian,half_siblings,478,31,31.28562283480086
Asian,half_siblings,479,21,20.492612460312333
Asian,half_siblings,480,24,20.85102931446246
Asian,half_siblings,481,19,17.117830864912108
Asian,half_siblings,482,28,31.660665877221263
Asian,half_siblings,483,22,17.325353068418334
Asian,half_siblings,484,24,22.05516308309152
Asian,half_siblings,485,21,18.494059109273337
Asian,half_siblings,486,28,32.47625266035622
Asian,half_siblings,487,28,23.13739237397243
Asian,half_siblings,488,23,13.910377138898998
Asian,half_siblings,489,25,21.517146204063135
Asian,half_siblings,490,23,28.318915510219295
Asian,half_siblings,491,26,17.67789127048469
Asian,half_siblings,492,27,30.828627498707093
Asian,half_siblings,493,24,21.73154676772579
Asian,half_siblings,494,21,21.74954011444222
Asian,half_siblings,495,22,17.415222155910048
Asian,half_siblings,496,26,25.262461839350365
Asian,half_siblings,497,27,19.171100657088505
Asian,half_siblings,498,25,21.160397432611482
Asian,half_siblings,499,26,21.27658217220537
Asian,half_siblings,500,25,24.15478475565992
Asian,cousins,1,24,9.955057967557835
Asian,cousins,2,18,6.861870060790476
Asian,cousins,3,14,5.2897764250435335
Asian,cousins,4,22,7.556198140751862
Asian,cousins,5,16,5.303371670899441
Asian,cousins,6,16,4.630564366500061
Asian,cousins,7,21,9.664279860941397
Asian,cousins,8,17,3.4640850941465837
Asian,cousins,9,19,2.9743173387505593
Asian,cousins,10,19,7.9325658437262625
Asian,cousins,11,18,13.161953820228373
Asian,cousins,12,18,9.022651664642368
Asian,cousins,13,17,3.0488203614539913
Asian,cousins,14,24,6.856149724825665
Asian,cousins,15,18,8.675770437325312
Asian,cousins,16,22,6.393280064056115
Asian,cousins,17,18,8.293821790499752
Asian,cousins,18,17,4.390871035844874
Asian,cousins,19,19,7.284033465759852
Asian,cousins,20,18,5.85611257616879
Asian,cousins,21,13,4.943141058777439
Asian,cousins,22,23,8.399014401026426
Asian,cousins,23,20,7.041339904005144
Asian,cousins,24,17,7.620365278054631
Asian,cousins,25,11,2.0561350180758997
Asian,cousins,26,18,6.777623603760776
Asian,cousins,27,20,12.904546546991094
Asian,cousins,28,18,4.768888683831667
Asian,cousins,29,13,1.7944040775575143
Asian,cousins,30,19,5.662573391477332
Asian,cousins,31,19,5.015397502341685
Asian,cousins,32,22,5.710768526809358
Asian,cousins,33,15,6.315564460814864
Asian,cousins,34,19,4.211020782693045
Asian,cousins,35,22,7.049856673528866
Asian,cousins,36,16,1.9784318179007432
Asian,cousins,37,15,5.595110161937542
Asian,cousins,38,24,8.99538900021806
Asian,cousins,39,17,4.466809479177234
Asian,cousins,40,16,8.123127723087672
Asian,cousins,41,20,3.131875009507354
Asian,cousins,42,19,5.910096042806195
Asian,cousins,43,23,9.811559631367992
Asian,cousins,44,20,4.620176402488915
Asian,cousins,45,21,8.527325903931352
Asian,cousins,46,17,7.04663285723895
Asian,cousins,47,20,7.26809584849405
Asian,cousins,48,13,3.7610806312004827
Asian,cousins,49,15,5.421803415898114
Asian,cousins,50,23,7.884396475259335
Asian,cousins,51,24,11.60509501790976
Asian,cousins,52,22,6.041839436781797
Asian,cousins,53,17,3.197856948315578
Asian,cousins,54,17,5.5854882855178305
Asian,cousins,55,17,9.592965192631565
Asian,cousins,56,15,5.824434021698464
Asian,cousins,57,26,6.802081159910635
Asian,cousins,58,22,10.080225119914209
Asian,cousins,59,22,9.241283354901483
Asian,cousins,60,15,2.4088799142433905
Asian,cousins,61,20,4.030136668677431
Asian,cousins,62,17,9.341073756475984
Asian,cousins,63,16,6.202668224370885
Asian,cousins,64,24,6.635529733235073
Asian,cousins,65,20,6.504871156057625
Asian,cousins,66,17,7.74662455338515
Asian,cousins,67,25,11.007395193339171
Asian,cousins,68,15,4.698141058530849
Asian,cousins,69,20,12.066573828385312
Asian,cousins,70,18,7.3837856145850695
Asian,cousins,71,17,7.598532172384171
Asian,cousins,72,13,4.8249733860652455
Asian,cousins,73,19,6.8042954745421405
Asian,cousins,74,14,3.04345860317693
Asian,cousins,75,25,7.358538159803297
Asian,cousins,76,19,5.828697169780336
Asian,cousins,77,17,5.988083140919372
Asian,cousins,78,20,8.684270085567348
Asian,cousins,79,20,4.402495160899462
Asian,cousins,80,25,9.276005438376005
Asian,cousins,81,18,7.507542172795661
Asian,cousins,82,18,4.367093040750471
Asian,cousins,83,22,8.112553821766046
Asian,cousins,84,21,8.048051078315275
Asian,cousins,85,17,6.756693664376162
Asian,cousins,86,22,12.15045814432719
Asian,cousins,87,21,6.2026603905989415
Asian,cousins,88,15,3.09462925636685
Asian,cousins,89,19,6.819523080392317
Asian,cousins,90,21,7.804805259098352
Asian,cousins,91,21,5.402474884520396
Asian,cousins,92,15,5.5436871084211266
Asian,cousins,93,18,6.825571804841273
Asian,cousins,94,17,5.024906304318449
Asian,cousins,95,20,3.346025003648048
Asian,cousins,96,9,1.5725040304057476
Asian,cousins,97,19,5.018895936776612
Asian,cousins,98,19,4.573038865013415
Asian,cousins,99,17,6.845925571305391
Asian,cousins,100,15,5.73861166066448
Asian,cousins,101,20,5.615073717788441
Asian,cousins,102,20,8.078815873401913
Asian,cousins,103,21,7.41419009268508
Asian,cousins,104,18,6.634840013953464
Asian,cousins,105,24,10.667264994410603
Asian,cousins,106,19,6.990675222415372
Asian,cousins,107,17,6.137353932460423
Asian,cousins,108,17,6.58558831302842
Asian,cousins,109,21,6.93746208057877
Asian,cousins,110,19,5.5683713505928205
Asian,cousins,111,24,8.763357907979612
Asian,cousins,112,18,5.8057376058968355
Asian,cousins,113,16,3.8895830007626824
Asian,cousins,114,23,7.078490811892249
Asian,cousins,115,28,12.228960645203715
Asian,cousins,116,20,6.792518743696686
Asian,cousins,117,19,6.66149358088385
Asian,cousins,118,18,7.737958890735256
Asian,cousins,119,23,10.298273499145699
Asian,cousins,120,13,4.342769623230055
Asian,cousins,121,22,7.367702491057065
Asian,cousins,122,17,4.7638906905501965
Asian,cousins,123,17,6.521366586909701
Asian,cousins,124,22,6.567043815970362
Asian,cousins,125,18,6.280775581259746
Asian,cousins,126,16,5.3197932845913964
Asian,cousins,127,19,7.720046095614392
Asian,cousins,128,16,4.8160322044686605
Asian,cousins,129,21,9.163685378197638
Asian,cousins,130,19,10.379040618625591
Asian,cousins,131,21,6.294577380880858
Asian,cousins,132,20,8.66237306690044
Asian,cousins,133,16,3.5894603203134707
Asian,cousins,134,16,5.068603286129239
Asian,cousins,135,25,7.319884732785446
Asian,cousins,136,15,5.325337711673747
Asian,cousins,137,16,7.052812240631418
Asian,cousins,138,19,7.63440621098705
Asian,cousins,139,22,5.475434473068577
Asian,cousins,140,19,3.9398733100595273
Asian,cousins,141,22,8.168906214440202
Asian,cousins,142,21,10.916671742796034
Asian,cousins,143,20,11.712764938794347
Asian,cousins,144,20,10.995880388470388
Asian,cousins,145,20,6.110260587421709
Asian,cousins,146,12,0.6401013134763022
Asian,cousins,147,9,-0.04921596258053751
Asian,cousins,148,13,6.051921462439692
Asian,cousins,149,21,8.228254584437092
Asian,cousins,150,20,7.343519507737656
Asian,cousins,151,18,7.499811332735292
Asian,cousins,152,18,4.227084055407244
Asian,cousins,153,23,7.387585418796549
Asian,cousins,154,22,8.094082713889545
Asian,cousins,155,23,7.3395945855715485
Asian,cousins,156,21,6.594908911563903
Asian,cousins,157,24,7.461450275305714
Asian,cousins,158,17,2.5468522795765183
Asian,cousins,159,19,6.3955863870195815
Asian,cousins,160,19,6.067267073952064
Asian,cousins,161,18,5.247484188069092
Asian,cousins,162,22,6.859845259913351
Asian,cousins,163,22,2.9291245172641958
Asian,cousins,164,22,6.68572801416816
Asian,cousins,165,21,6.7857674024024295
Asian,cousins,166,18,8.722809764224152
Asian,cousins,167,19,8.260614971207987
Asian,cousins,168,16,7.260381876077312
Asian,cousins,169,17,3.867362592854761
Asian,cousins,170,21,10.156964503107076
Asian,cousins,171,14,6.0951100867068835
Asian,cousins,172,20,10.385566930983735
Asian,cousins,173,22,5.543260129151813
Asian,cousins,174,21,4.590213545339368
Asian,cousins,175,20,6.574261706005465
Asian,cousins,176,20,8.98584078607301
Asian,cousins,177,20,4.050672493159902
Asian,cousins,178,22,8.026890295233853
Asian,cousins,179,18,5.151312814852059
Asian,cousins,180,23,10.845784727056717
Asian,cousins,181,20,8.24954332939416
Asian,cousins,182,15,5.160028797153351
Asian,cousins,183,17,9.026844917991582
Asian,cousins,184,19,6.492237885547526
Asian,cousins,185,18,9.218296647666191
Asian,cousins,186,20,4.300106854833755
Asian,cousins,187,17,5.200332729802415
Asian,cousins,188,18,8.433128541835133
Asian,cousins,189,16,4.2658262690111455
Asian,cousins,190,13,3.058461367432618
Asian,cousins,191,18,3.9101035735779384
Asian,cousins,192,24,9.972538419737502
Asian,cousins,193,19,9.785174637920695
Asian,cousins,194,13,1.7645493057858532
Asian,cousins,195,17,5.359005063783438
Asian,cousins,196,20,7.412774226649788
Asian,cousins,197,12,5.31338955921422
Asian,cousins,198,13,3.7771121368551115
Asian,cousins,199,21,7.274475351637727
Asian,cousins,200,19,6.450450885600442
Asian,cousins,201,15,4.067749679566437
Asian,cousins,202,23,8.00906237833399
Asian,cousins,203,23,10.910756527964995
Asian,cousins,204,16,4.373096672510301
Asian,cousins,205,18,5.312027902421796
Asian,cousins,206,20,8.546917343617713
Asian,cousins,207,10,2.5116620837033237
Asian,cousins,208,19,9.439993018559878
Asian,cousins,209,20,6.300324609974234
Asian,cousins,210,21,9.134306994990775
Asian,cousins,211,18,4.907731354161386
Asian,cousins,212,20,7.511511493049406
Asian,cousins,213,20,5.053818185755192
Asian,cousins,214,15,7.414226370273517
Asian,cousins,215,20,9.043184175742626
Asian,cousins,216,20,6.843048796414268
Asian,cousins,217,19,5.423162219419929
Asian,cousins,218,16,5.018509927810853
Asian,cousins,219,21,8.420602419825661
Asian,cousins,220,20,5.439301046450955
Asian,cousins,221,21,5.925366771118806
Asian,cousins,222,23,5.43210336431989
Asian,cousins,223,20,7.71772352743462
Asian,cousins,224,18,6.085286189085348
Asian,cousins,225,15,3.1864893813554276
Asian,cousins,226,15,6.243743096642125
Asian,cousins,227,20,5.156685258061306
Asian,cousins,228,18,5.357897290073236
Asian,cousins,229,17,5.209616051431882
Asian,cousins,230,19,8.041537467323693
Asian,cousins,231,18,4.647063447646441
Asian,cousins,232,15,6.722998564896484
Asian,cousins,233,18,8.339341834137196
Asian,cousins,234,17,3.812684619689828
Asian,cousins,235,14,5.007142891542411
Asian,cousins,236,17,7.039629338903328
Asian,cousins,237,28,7.728127125278955
Asian,cousins,238,20,5.435791646648629
Asian,cousins,239,23,9.15460113377905
Asian,cousins,240,18,8.902188596411538
Asian,cousins,241,18,12.15592126219387
Asian,cousins,242,16,2.50612713113041
Asian,cousins,243,18,9.163437632326447
Asian,cousins,244,18,5.9460685855486375
Asian,cousins,245,19,8.78531126332346
Asian,cousins,246,21,5.558268727489225
Asian,cousins,247,20,6.359696610230732
Asian,cousins,248,19,8.091424445585666
Asian,cousins,249,19,9.058863459722534
Asian,cousins,250,19,5.80841464736609
Asian,cousins,251,18,10.070014399567436
Asian,cousins,252,19,7.599532289327534
Asian,cousins,253,29,7.116702753200352
Asian,cousins,254,18,4.1200791767113145
Asian,cousins,255,15,3.5660426959073357
Asian,cousins,256,19,6.516233747198311
Asian,cousins,257,18,8.014280553348637
Asian,cousins,258,18,6.375125102692199
Asian,cousins,259,20,5.353904854871005
Asian,cousins,260,18,5.034406355156319
Asian,cousins,261,16,4.533419000166266
Asian,cousins,262,15,3.65661987675678
Asian,cousins,263,20,8.534898067780256
Asian,cousins,264,17,8.47055937496429
Asian,cousins,265,13,2.0049007437181294
Asian,cousins,266,20,7.0646012052542595
Asian,cousins,267,15,3.0265190911426214
Asian,cousins,268,18,5.7806547430543445
Asian,cousins,269,19,6.024723823698808
Asian,cousins,270,21,6.615851313402806
Asian,cousins,271,15,1.4689851405510717
Asian,cousins,272,20,7.010083965015669
Asian,cousins,273,20,5.99641038476048
Asian,cousins,274,22,7.900221430165999
Asian,cousins,275,18,6.201144480740412
Asian,cousins,276,22,7.9261516222502895
Asian,cousins,277,21,7.597544606373793
Asian,cousins,278,17,7.838396091952363
Asian,cousins,279,19,9.107510075485338
Asian,cousins,280,18,4.167168031630283
Asian,cousins,281,21,7.969728745025405
Asian,cousins,282,15,4.266708525504028
Asian,cousins,283,22,9.111761341860863
Asian,cousins,284,13,4.296216529177233
Asian,cousins,285,20,6.001117016788519
Asian,cousins,286,15,5.131870940564543
Asian,cousins,287,13,4.2103617911190065
Asian,cousins,288,18,8.121873662272852
Asian,cousins,289,21,8.851185220213539
Asian,cousins,290,21,3.290751563138705
Asian,cousins,291,16,4.473350413029942
Asian,cousins,292,19,6.326679948802661
Asian,cousins,293,19,5.17447714467466
Asian,cousins,294,14,7.035874549210987
Asian,cousins,295,19,6.743237418999314
Asian,cousins,296,21,6.418826908554286
Asian,cousins,297,17,7.98608261919785
Asian,cousins,298,22,9.451667538880361
Asian,cousins,299,27,10.936205704927112
Asian,cousins,300,23,10.469315671006761
Asian,cousins,301,13,3.492833012133108
Asian,cousins,302,15,4.656789315573475
Asian,cousins,303,17,7.376724873065029
Asian,cousins,304,16,5.505247046775532
Asian,cousins,305,26,13.482241654659237
Asian,cousins,306,24,12.205339754486864
Asian,cousins,307,21,5.920378360436277
Asian,cousins,308,23,6.956934622482819
Asian,cousins,309,21,5.780521919699567
Asian,cousins,310,15,2.6973282037075617
Asian,cousins,311,16,5.0086758058237235
Asian,cousins,312,23,8.647876912646586
Asian,cousins,313,20,7.933435022756415
Asian,cousins,314,13,4.092857400894789
Asian,cousins,315,15,6.12466243912338
Asian,cousins,316,18,8.941807562734292
Asian,cousins,317,23,7.704942364605969
Asian,cousins,318,26,8.454560770645045
Asian,cousins,319,16,5.204111921228732
Asian,cousins,320,16,3.349250705754199
Asian,cousins,321,17,4.543009853536009
Asian,cousins,322,14,4.829211306168591
Asian,cousins,323,24,11.684145453540532
Asian,cousins,324,16,3.3123460865632772
Asian,cousins,325,19,5.123130386607577
Asian,cousins,326,20,6.405440226992574
Asian,cousins,327,19,6.246350690803054
Asian,cousins,328,15,5.30686224494937
Asian,cousins,329,18,6.040415871945982
Asian,cousins,330,16,6.555301109367155
Asian,cousins,331,18,8.164555582281002
Asian,cousins,332,22,9.267999529394373
Asian,cousins,333,20,7.8450461275446255
Asian,cousins,334,17,7.370592803693879
Asian,cousins,335,17,5.013381363300639
Asian,cousins,336,17,6.283917982770873
Asian,cousins,337,18,4.42847175760183
Asian,cousins,338,16,6.519885413842523
Asian,cousins,339,19,7.610417080048416
Asian,cousins,340,18,5.472874971331259
Asian,cousins,341,22,6.7751517302978295
Asian,cousins,342,18,4.226569067677916
Asian,cousins,343,19,8.941062475164774
Asian,cousins,344,15,5.510321992294357
Asian,cousins,345,17,5.4294710789973255
Asian,cousins,346,17,4.550021446981841
Asian,cousins,347,17,3.3985818472076583
Asian,cousins,348,18,8.094663235273737
Asian,cousins,349,17,3.3288761513820453
Asian,cousins,350,18,7.564506428395181
Asian,cousins,351,14,5.142968880963501
Asian,cousins,352,21,4.0001944880727764
Asian,cousins,353,18,3.9677655929138718
Asian,cousins,354,22,5.579648036400944
Asian,cousins,355,13,3.720867765730403
Asian,cousins,356,20,6.494939518934665
Asian,cousins,357,19,5.4736148313624575
Asian,cousins,358,22,7.184624198627338
Asian,cousins,359,17,6.039563054858581
Asian,cousins,360,19,6.003295642803909
Asian,cousins,361,17,8.224131907264171
Asian,cousins,362,19,8.603616360370768
Asian,cousins,363,18,6.416829369685708
Asian,cousins,364,15,5.586294775483207
Asian,cousins,365,15,3.031592845901943
Asian,cousins,366,14,5.365150513695658
Asian,cousins,367,15,4.973262332144373
Asian,cousins,368,17,3.898732134033301
Asian,cousins,369,19,5.75215501729369
Asian,cousins,370,16,3.9904462651369386
Asian,cousins,371,25,9.11200818392429
Asian,cousins,372,19,5.201116105787871
Asian,cousins,373,23,7.151360835849962
Asian,cousins,374,11,0.942741205530529
Asian,cousins,375,12,4.676124892343188
Asian,cousins,376,25,9.014790562464697
Asian,cousins,377,19,3.2218504248096713
Asian,cousins,378,11,3.057539017971977
Asian,cousins,379,21,7.595393355243
Asian,cousins,380,13,3.6629824807992524
Asian,cousins,381,18,6.768239144246529
Asian,cousins,382,15,2.9264159333947526
Asian,cousins,383,23,8.464777889763585
Asian,cousins,384,21,8.709900540752027
Asian,cousins,385,15,4.3212184564303655
Asian,cousins,386,15,5.616195029749189
Asian,cousins,387,19,7.0021870416494325
Asian,cousins,388,22,4.86975437834706
Asian,cousins,389,17,7.2191266377462036
Asian,cousins,390,22,7.370689083855868
Asian,cousins,391,18,10.234128761528916
Asian,cousins,392,18,5.294238288705743
Asian,cousins,393,25,7.909024662189127
Asian,cousins,394,21,8.210789743718827
Asian,cousins,395,23,7.845879689561412
Asian,cousins,396,23,8.64748881658783
Asian,cousins,397,22,11.70388558533499
Asian,cousins,398,23,9.916106528144844
Asian,cousins,399,20,5.006769785072665
Asian,cousins,400,19,6.745541439961903
Asian,cousins,401,25,8.320619767733609
Asian,cousins,402,15,5.07853131893493
Asian,cousins,403,22,6.4023941587572315
Asian,cousins,404,21,6.045942982033238
Asian,cousins,405,17,3.8854300601824967
Asian,cousins,406,20,7.873906574733294
Asian,cousins,407,19,9.608930454000934
Asian,cousins,408,24,11.382803517674368
Asian,cousins,409,19,8.746880671818118
Asian,cousins,410,17,3.0381062024368672
Asian,cousins,411,21,10.815129103506866
Asian,cousins,412,19,6.509026788035982
Asian,cousins,413,18,5.679087697808951
Asian,cousins,414,19,5.239278762694643
Asian,cousins,415,22,4.093906236069001
Asian,cousins,416,19,6.161490510673652
Asian,cousins,417,17,5.523947381213847
Asian,cousins,418,20,5.390035861100643
Asian,cousins,419,14,3.832459707136628
Asian,cousins,420,24,8.855120582240724
Asian,cousins,421,19,6.18430959780768
Asian,cousins,422,22,7.376335195272521
Asian,cousins,423,13,5.6946905404374615
Asian,cousins,424,19,6.650954991393904
Asian,cousins,425,20,4.675543357317205
Asian,cousins,426,19,5.522784047926278
Asian,cousins,427,15,5.154918926041313
Asian,cousins,428,10,2.7729429055165262
Asian,cousins,429,18,10.925244584969755
Asian,cousins,430,23,4.562549498895551
Asian,cousins,431,15,5.843315121194916
Asian,cousins,432,18,5.6144644336646925
Asian,cousins,433,20,7.064284832406001
Asian,cousins,434,18,10.883950277852797
Asian,cousins,435,16,6.897474761397095
Asian,cousins,436,20,4.216478108575162
Asian,cousins,437,20,4.654381451891369
Asian,cousins,438,19,9.185832047746453
Asian,cousins,439,29,10.027052571923347
Asian,cousins,440,22,7.838978255794985
Asian,cousins,441,21,7.958832451948128
Asian,cousins,442,20,8.189647391491146
Asian,cousins,443,23,10.774982847188625
Asian,cousins,444,22,8.72157066499157
Asian,cousins,445,23,7.82932737577591
Asian,cousins,446,18,4.047162389146988
Asian,cousins,447,18,2.0066195700650016
Asian,cousins,448,24,9.612972907976294
Asian,cousins,449,23,7.919785900677279
Asian,cousins,450,22,13.936791563917499
Asian,cousins,451,24,10.135615255494407
Asian,cousins,452,21,8.376014438627177
Asian,cousins,453,17,3.5523567585538007
Asian,cousins,454,20,6.431985256057949
Asian,cousins,455,17,3.0505627270487095
Asian,cousins,456,20,9.918339283739208
Asian,cousins,457,18,5.919693202797243
Asian,cousins,458,18,7.085754130528923
Asian,cousins,459,18,9.033150467623411
Asian,cousins,460,20,9.684952992083032
Asian,cousins,461,20,4.617624097102514
Asian,cousins,462,16,6.921553585092461
Asian,cousins,463,20,6.313208032871103
Asian,cousins,464,18,8.140205638036422
Asian,cousins,465,19,4.3554210107736955
Asian,cousins,466,17,4.982349223183171
Asian,cousins,467,18,6.341868124681714
Asian,cousins,468,14,7.5016257448488455
Asian,cousins,469,21,7.141605489925543
Asian,cousins,470,18,4.812050333838891
Asian,cousins,471,18,6.3710208578411995
Asian,cousins,472,23,5.836434640975406
Asian,cousins,473,16,11.317094906794924
Asian,cousins,474,19,6.7525820443683156
Asian,cousins,475,20,8.120648064164854
Asian,cousins,476,19,8.49137793974292
Asian,cousins,477,18,7.329367794488774
Asian,cousins,478,19,6.442019738817913
Asian,cousins,479,16,5.802418476737788
Asian,cousins,480,25,6.094422795337138
Asian,cousins,481,24,8.921117367568906
Asian,cousins,482,20,7.70323503869129
Asian,cousins,483,19,7.435246747659725
Asian,cousins,484,20,10.831435203800297
Asian,cousins,485,15,5.842284484172746
Asian,cousins,486,21,6.352007730883485
Asian,cousins,487,21,10.772245465348378
Asian,cousins,488,25,8.164377611387422
Asian,cousins,489,16,7.363267940643855
Asian,cousins,490,20,6.210243830659274
Asian,cousins,491,20,7.296756874215712
Asian,cousins,492,20,9.23525506446321
Asian,cousins,493,23,7.976827471403158
Asian,cousins,494,33,7.383074468573487
Asian,cousins,495,19,9.772154179569469
Asian,cousins,496,25,10.412336479035025
Asian,cousins,497,22,4.664132738537768
Asian,cousins,498,19,6.5775378323865406
Asian,cousins,499,20,7.561371799114981
Asian,cousins,500,17,5.660883658774005
Asian,second_cousins,1,13,1.2498140156430486
Asian,second_cousins,2,17,3.1909006941446445
Asian,second_cousins,3,15,2.535205440630872
Asian,second_cousins,4,12,3.083430232518475
Asian,second_cousins,5,19,3.6910185986876973
Asian,second_cousins,6,17,3.877158350073688
Asian,second_cousins,7,15,3.496583959447604
Asian,second_cousins,8,11,1.8644082173955452
Asian,second_cousins,9,10,1.0839208980570636
Asian,second_cousins,10,20,3.6206364031782328
Asian,second_cousins,11,20,4.055444193740918
Asian,second_cousins,12,17,4.697199539232149
Asian,second_cousins,13,20,4.506580365400701
Asian,second_cousins,14,16,3.134605421217036
Asian,second_cousins,15,10,1.0831817729309585
Asian,second_cousins,16,24,5.681276084862137
Asian,second_cousins,17,17,5.065731593428338
Asian,second_cousins,18,24,4.463908533967964
Asian,second_cousins,19,22,3.816378993105905
Asian,second_cousins,20,17,4.491845316453452
Asian,second_cousins,21,20,5.72605107629205
Asian,second_cousins,22,15,2.3461974088169906
Asian,second_cousins,23,19,5.094270590936933
Asian,second_cousins,24,15,2.6709400511282912
Asian,second_cousins,25,19,2.30629305217092
Asian,second_cousins,26,17,4.232082823095683
Asian,second_cousins,27,19,3.2247424310866015
Asian,second_cousins,28,15,1.508184097408732
Asian,second_cousins,29,18,4.424281010709607
Asian,second_cousins,30,18,6.727301013736723
Asian,second_cousins,31,15,1.560828003331176
Asian,second_cousins,32,16,2.9969524127344536
Asian,second_cousins,33,15,3.3196273857537877
Asian,second_cousins,34,15,3.7333618668706334
Asian,second_cousins,35,18,3.839153482921996
Asian,second_cousins,36,17,3.2046042283577805
Asian,second_cousins,37,9,0.5974179259587832
Asian,second_cousins,38,28,5.225485319781103
Asian,second_cousins,39,20,4.729978195976658
Asian,second_cousins,40,17,5.559837050210906
Asian,second_cousins,41,19,3.7226144496625238
Asian,second_cousins,42,16,3.1508333855763144
Asian,second_cousins,43,18,2.5448854568720853
Asian,second_cousins,44,23,5.210150355677374
Asian,second_cousins,45,19,3.7315226690854026
Asian,second_cousins,46,17,3.3995048560329186
Asian,second_cousins,47,16,3.677126432953322
Asian,second_cousins,48,21,2.5581796473529934
Asian,second_cousins,49,12,2.4836009263099066
Asian,second_cousins,50,14,2.4904457558206685
Asian,second_cousins,51,18,3.869470729426057
Asian,second_cousins,52,11,2.2763089599740116
Asian,second_cousins,53,20,5.236993213034024
Asian,second_cousins,54,22,4.270988165427902
Asian,second_cousins,55,21,4.895845687165522
Asian,second_cousins,56,24,4.831526916612765
Asian,second_cousins,57,19,4.5310310795228625
Asian,second_cousins,58,20,3.7045905863580164
Asian,second_cousins,59,17,3.819406059203696
Asian,second_cousins,60,21,4.928017497610811
Asian,second_cousins,61,20,5.971492697194188
Asian,second_cousins,62,16,1.452386317290691
Asian,second_cousins,63,25,7.021331445614409
Asian,second_cousins,64,16,3.8408666080334966
Asian,second_cousins,65,15,4.015135446345288
Asian,second_cousins,66,16,2.7215489173947387
Asian,second_cousins,67,24,5.56030234665339
Asian,second_cousins,68,16,4.253649442582429
Asian,second_cousins,69,19,5.524301776674712
Asian,second_cousins,70,13,1.8413280840155908
Asian,second_cousins,71,13,0.7456196663268944
Asian,second_cousins,72,14,2.2050295279554524
Asian,second_cousins,73,15,3.017085486815403
Asian,second_cousins,74,20,4.068534268202801
Asian,second_cousins,75,14,2.221524695141761
Asian,second_cousins,76,17,3.2216052652666614
Asian,second_cousins,77,19,2.927757211766557
Asian,second_cousins,78,13,2.032376790508324
Asian,second_cousins,79,16,2.0218623839604586
Asian,second_cousins,80,17,2.2455516482619124
Asian,second_cousins,81,18,4.19458629230709
Asian,second_cousins,82,22,4.9561397806426095
Asian,second_cousins,83,23,4.111744130024395
Asian,second_cousins,84,22,8.073769237967648
Asian,second_cousins,85,17,4.053289345112849
Asian,second_cousins,86,19,4.8407666956718085
Asian,second_cousins,87,22,6.472526531895417
Asian,second_cousins,88,22,5.685884507226007
Asian,second_cousins,89,21,2.438700391961767
Asian,second_cousins,90,17,2.547690155702425
Asian,second_cousins,91,14,2.519504581014917
Asian,second_cousins,92,13,2.3417139455008518
Asian,second_cousins,93,17,3.817359951047213
Asian,second_cousins,94,17,3.0928196976729234
Asian,second_cousins,95,14,2.9684653494666424
Asian,second_cousins,96,19,3.6618464679965705
Asian,second_cousins,97,21,3.238441696565825
Asian,second_cousins,98,12,0.9923300726288259
Asian,second_cousins,99,22,3.375915573240021
Asian,second_cousins,100,18,2.6398278738564303
Asian,second_cousins,101,20,3.832874224966354
Asian,second_cousins,102,17,3.956341790618298
Asian,second_cousins,103,21,4.548982229962321
Asian,second_cousins,104,19,2.81594991846749
Asian,second_cousins,105,19,2.9622585990988854
Asian,second_cousins,106,23,3.7412663369287307
Asian,second_cousins,107,21,3.5422002267017434
Asian,second_cousins,108,17,3.4261666178175303
Asian,second_cousins,109,22,4.522638623243006
Asian,second_cousins,110,19,5.180839578473632
Asian,second_cousins,111,17,3.1010961359314564
Asian,second_cousins,112,18,4.845304751676289
Asian,second_cousins,113,15,3.714403437938027
Asian,second_cousins,114,20,4.443555893504059
Asian,second_cousins,115,15,2.042652278327081
Asian,second_cousins,116,17,3.824693589376925
Asian,second_cousins,117,20,3.1063670096665303
Asian,second_cousins,118,21,3.5283699040552325
Asian,second_cousins,119,13,1.7240376765295906
Asian,second_cousins,120,24,5.612526441944116
Asian,second_cousins,121,23,2.470243543715256
Asian,second_cousins,122,17,4.0564906881250105
Asian,second_cousins,123,17,3.195516158395214
Asian,second_cousins,124,22,6.000512203366377
Asian,second_cousins,125,22,4.457699527045761
Asian,second_cousins,126,17,1.642920534748558
Asian,second_cousins,127,17,3.8046815094874935
Asian,second_cousins,128,29,6.64035498866285
Asian,second_cousins,129,24,5.511870368666286
Asian,second_cousins,130,20,5.130869019257319
Asian,second_cousins,131,14,2.8730708959384046
Asian,second_cousins,132,19,4.17023075160882
Asian,second_cousins,133,19,4.775401299259357
Asian,second_cousins,134,18,4.481956771160639
Asian,second_cousins,135,19,3.106482000696544
Asian,second_cousins,136,19,3.7239768331633756
Asian,second_cousins,137,15,2.7575933104271466
Asian,second_cousins,138,17,5.419772234271526
Asian,second_cousins,139,17,2.944823951363115
Asian,second_cousins,140,17,2.9325828753914864
Asian,second_cousins,141,19,4.984371686779939
Asian,second_cousins,142,19,5.174127685882698
Asian,second_cousins,143,19,4.30689060242151
Asian,second_cousins,144,16,3.119275169848253
Asian,second_cousins,145,26,4.748944306882275
Asian,second_cousins,146,19,5.300647491907739
Asian,second_cousins,147,23,5.614141522702404
Asian,second_cousins,148,15,3.3496102251898408
Asian,second_cousins,149,18,2.408944615515795
Asian,second_cousins,150,14,2.750196565677949
Asian,second_cousins,151,17,3.4872608868131474
Asian,second_cousins,152,19,3.862237357842303
Asian,second_cousins,153,19,3.9536495215056906
Asian,second_cousins,154,18,2.450743659579425
Asian,second_cousins,155,22,4.480731899401657
Asian,second_cousins,156,19,3.43359831382157
Asian,second_cousins,157,21,2.9681502846431016
Asian,second_cousins,158,15,5.037391816506829
Asian,second_cousins,159,17,5.792136051208253
Asian,second_cousins,160,19,4.191723523385273
Asian,second_cousins,161,24,4.1244359858049275
Asian,second_cousins,162,13,2.3092029264405283
Asian,second_cousins,163,18,3.5202551485626787
Asian,second_cousins,164,24,8.065823719406952
Asian,second_cousins,165,15,4.857118093698563
Asian,second_cousins,166,15,3.303407918958459
Asian,second_cousins,167,16,2.2697344694921666
Asian,second_cousins,168,15,2.442770436925596
Asian,second_cousins,169,12,2.7442753725596543
Asian,second_cousins,170,18,3.0985916430099727
Asian,second_cousins,171,19,2.942510711279975
Asian,second_cousins,172,17,3.104503117479362
Asian,second_cousins,173,20,2.7945737357794234
Asian,second_cousins,174,15,3.597041487802494
Asian,second_cousins,175,18,4.330694319003725
Asian,second_cousins,176,19,4.0362181610824255
Asian,second_cousins,177,20,4.298630841868554
Asian,second_cousins,178,14,5.955187146354979
Asian,second_cousins,179,16,4.158540302008229
Asian,second_cousins,180,17,5.138832079822734
Asian,second_cousins,181,20,7.22525735461559
Asian,second_cousins,182,21,6.423510325829177
Asian,second_cousins,183,21,3.2703417004203983
Asian,second_cousins,184,12,2.8955202099637125
Asian,second_cousins,185,14,2.7184895669553364
Asian,second_cousins,186,18,4.5126746927052706
Asian,second_cousins,187,17,1.5091592465446206
Asian,second_cousins,188,17,2.587294669944295
Asian,second_cousins,189,23,3.5652209139126616
Asian,second_cousins,190,16,3.5867289694279014
Asian,second_cousins,191,21,2.517748325374698
Asian,second_cousins,192,14,1.5190053679380515
Asian,second_cousins,193,20,2.28301702887359
Asian,second_cousins,194,19,3.0928776811290803
Asian,second_cousins,195,14,4.99787534728556
Asian,second_cousins,196,16,3.088556562406227
Asian,second_cousins,197,16,3.4348221853958663
Asian,second_cousins,198,16,4.6113195275261205
Asian,second_cousins,199,18,4.389762248604145
Asian,second_cousins,200,18,2.4204242685200184
Asian,second_cousins,201,12,2.737109607966633
Asian,second_cousins,202,19,4.005775424038643
Asian,second_cousins,203,20,3.9578654451840998
Asian,second_cousins,204,16,1.589806473485854
Asian,second_cousins,205,14,2.74428842700626
Asian,second_cousins,206,14,2.146639011044392
Asian,second_cousins,207,18,3.8689714221752425
Asian,second_cousins,208,17,2.628230699268374
Asian,second_cousins,209,15,2.6411336743285476
Asian,second_cousins,210,20,5.199040168476181
Asian,second_cousins,211,23,5.190325836411556
Asian,second_cousins,212,19,4.862528009771513
Asian,second_cousins,213,22,4.135467496021344
Asian,second_cousins,214,12,3.4638094070459586
Asian,second_cousins,215,18,3.991069174076238
Asian,second_cousins,216,21,3.860064356248512
Asian,second_cousins,217,17,3.6493829294320963
Asian,second_cousins,218,17,3.610586858703814
Asian,second_cousins,219,20,4.258725271809235
Asian,second_cousins,220,22,3.567673480981449
Asian,second_cousins,221,17,4.330805045442608
Asian,second_cousins,222,19,4.149517960610999
Asian,second_cousins,223,16,3.962028121722339
Asian,second_cousins,224,16,6.723715016719284
Asian,second_cousins,225,16,4.005397985358426
Asian,second_cousins,226,17,3.628498071518131
Asian,second_cousins,227,16,3.4640128476026595
Asian,second_cousins,228,21,4.310684605256649
Asian,second_cousins,229,21,4.077519037242267
Asian,second_cousins,230,16,3.9216772104197206
Asian,second_cousins,231,13,2.0986437734116086
Asian,second_cousins,232,24,6.199231358368642
Asian,second_cousins,233,20,2.48529573323645
Asian,second_cousins,234,17,2.762715862668595
Asian,second_cousins,235,16,4.828436634141364
Asian,second_cousins,236,15,1.3181455381048217
Asian,second_cousins,237,18,4.989528991203447
Asian,second_cousins,238,19,4.946763948014725
Asian,second_cousins,239,20,5.609288317090201
Asian,second_cousins,240,22,3.6577014309758527
Asian,second_cousins,241,18,4.9102135180651985
Asian,second_cousins,242,20,2.5340820346440918
Asian,second_cousins,243,17,3.423104008626487
Asian,second_cousins,244,16,1.4494165807512136
Asian,second_cousins,245,18,3.6300134204785173
Asian,second_cousins,246,17,4.306294603004081
Asian,second_cousins,247,20,3.864066370385902
Asian,second_cousins,248,15,4.18983739145003
Asian,second_cousins,249,14,2.523882393993575
Asian,second_cousins,250,17,1.6027970256163169
Asian,second_cousins,251,14,3.7265582198207756
Asian,second_cousins,252,25,3.8792658257126664
Asian,second_cousins,253,18,5.718186331887251
Asian,second_cousins,254,21,2.045070933056878
Asian,second_cousins,255,16,3.80295334687811
Asian,second_cousins,256,12,1.977687179307527
Asian,second_cousins,257,18,2.0246602833945104
Asian,second_cousins,258,18,3.214012130145826
Asian,second_cousins,259,17,4.595915985518126
Asian,second_cousins,260,12,3.8373177809719663
Asian,second_cousins,261,23,5.496474146982851
Asian,second_cousins,262,19,4.276941248905813
Asian,second_cousins,263,13,1.4577786666695784
Asian,second_cousins,264,17,3.4456281537614144
Asian,second_cousins,265,21,3.642120809555506
Asian,second_cousins,266,19,2.3693644639895917
Asian,second_cousins,267,19,3.8554349977992763
Asian,second_cousins,268,19,4.98849255625675
Asian,second_cousins,269,16,2.616656564537884
Asian,second_cousins,270,15,3.5916045115492965
Asian,second_cousins,271,14,4.023726142405874
Asian,second_cousins,272,20,4.364799982144484
Asian,second_cousins,273,18,3.4185329324010727
Asian,second_cousins,274,15,3.1690215391993806
Asian,second_cousins,275,19,4.506601511248678
Asian,second_cousins,276,18,3.6127637945492377
Asian,second_cousins,277,22,3.3519012405272837
Asian,second_cousins,278,17,2.9675910259430553
Asian,second_cousins,279,21,2.780961336059908
Asian,second_cousins,280,13,0.9177186857862447
Asian,second_cousins,281,21,4.849300256056437
Asian,second_cousins,282,18,3.241922707645709
Asian,second_cousins,283,15,2.097797803363016
Asian,second_cousins,284,18,3.3091779260421914
Asian,second_cousins,285,19,5.117019465603861
Asian,second_cousins,286,18,5.245399589978981
Asian,second_cousins,287,14,2.3594667254381663
Asian,second_cousins,288,16,2.9921443086377217
Asian,second_cousins,289,19,3.5204169621854215
Asian,second_cousins,290,14,2.2124053043689207
Asian,second_cousins,291,18,6.738862596400573
Asian,second_cousins,292,24,5.124209992875551
Asian,second_cousins,293,17,2.880065410182837
Asian,second_cousins,294,16,4.281349520162264
Asian,second_cousins,295,19,3.6774180645734122
Asian,second_cousins,296,22,5.064860963598495
Asian,second_cousins,297,17,2.6263566229853343
Asian,second_cousins,298,16,2.895847594869406
Asian,second_cousins,299,21,5.225390735546124
Asian,second_cousins,300,20,2.3337462635733264
Asian,second_cousins,301,17,2.163967795613102
Asian,second_cousins,302,22,5.533330366462979
Asian,second_cousins,303,17,2.666217120728436
Asian,second_cousins,304,22,7.823539976212212
Asian,second_cousins,305,17,2.8777588235180214
Asian,second_cousins,306,24,8.488127997271429
Asian,second_cousins,307,21,5.595457745434872
Asian,second_cousins,308,20,2.4558208806518635
Asian,second_cousins,309,16,4.563141614400871
Asian,second_cousins,310,19,4.702724840385726
Asian,second_cousins,311,22,3.761222896494888
Asian,second_cousins,312,17,4.461720623026097
Asian,second_cousins,313,21,4.346782007495637
Asian,second_cousins,314,15,1.9704090030717825
Asian,second_cousins,315,18,3.884894436051455
Asian,second_cousins,316,24,4.258658277046444
Asian,second_cousins,317,16,2.5339064846446093
Asian,second_cousins,318,20,4.560188205818462
Asian,second_cousins,319,16,3.599723396957578
Asian,second_cousins,320,13,1.1024772339833913
Asian,second_cousins,321,17,3.801886864040788
Asian,second_cousins,322,20,3.884044044869825
Asian,second_cousins,323,17,2.358298464254764
Asian,second_cousins,324,19,3.1998248113385475
Asian,second_cousins,325,19,2.9687213316373815
Asian,second_cousins,326,18,3.488405936402283
Asian,second_cousins,327,16,3.1352212650824263
Asian,second_cousins,328,21,4.5245290406196235
Asian,second_cousins,329,21,4.755724064776041
Asian,second_cousins,330,16,3.4157874176230476
Asian,second_cousins,331,19,2.404050210636699
Asian,second_cousins,332,20,3.599785557560585
Asian,second_cousins,333,22,3.978175466763835
Asian,second_cousins,334,14,2.7733887976772205
Asian,second_cousins,335,14,2.6560540424751125
Asian,second_cousins,336,20,3.1315518580280246
Asian,second_cousins,337,13,2.4179969355748248
Asian,second_cousins,338,19,3.0646812581307414
Asian,second_cousins,339,22,2.907284108474847
Asian,second_cousins,340,19,2.6735895666493796
Asian,second_cousins,341,16,3.0633184707694707
Asian,second_cousins,342,18,3.390251423748321
Asian,second_cousins,343,18,4.097380379028471
Asian,second_cousins,344,19,2.8581564815697975
Asian,second_cousins,345,15,2.575251507076257
Asian,second_cousins,346,20,3.232108722176762
Asian,second_cousins,347,24,5.464179682337101
Asian,second_cousins,348,15,2.0477897226929778
Asian,second_cousins,349,22,3.9594096165263335
Asian,second_cousins,350,17,2.619298242737108
Asian,second_cousins,351,16,5.492195895328638
Asian,second_cousins,352,21,3.1998136354565756
Asian,second_cousins,353,25,4.7112324987664325
Asian,second_cousins,354,15,2.7966490048844777
Asian,second_cousins,355,16,3.5278305230478364
Asian,second_cousins,356,22,4.202863740373604
Asian,second_cousins,357,17,3.4760240859256646
Asian,second_cousins,358,16,4.251606028420863
Asian,second_cousins,359,17,4.16091621391818
Asian,second_cousins,360,16,2.889585139813321
Asian,second_cousins,361,20,4.1390796993618375
Asian,second_cousins,362,19,4.255123417169039
Asian,second_cousins,363,22,3.9422736208421414
Asian,second_cousins,364,17,4.135862505654069
Asian,second_cousins,365,15,1.9796531278488128
Asian,second_cousins,366,14,2.7788473852801654
Asian,second_cousins,367,20,4.18850599786327
Asian,second_cousins,368,21,4.044704756108152
Asian,second_cousins,369,24,6.70209799899366
Asian,second_cousins,370,19,4.516121800592958
Asian,second_cousins,371,14,1.9344502501751286
Asian,second_cousins,372,20,1.6764992585688545
Asian,second_cousins,373,15,2.4876808792055303
Asian,second_cousins,374,19,2.814043295970026
Asian,second_cousins,375,17,3.09175411055772
Asian,second_cousins,376,18,2.319234901344856
Asian,second_cousins,377,25,3.5491997877993327
Asian,second_cousins,378,19,4.7999943535264205
Asian,second_cousins,379,14,2.503517944999071
Asian,second_cousins,380,20,2.4688695772080416
Asian,second_cousins,381,16,3.5628025269163905
Asian,second_cousins,382,19,3.44242824274144
Asian,second_cousins,383,20,3.1902980036301423
Asian,second_cousins,384,14,4.06433244524537
Asian,second_cousins,385,18,1.667550832780126
Asian,second_cousins,386,15,3.402176892770443
Asian,second_cousins,387,20,2.8563139598376925
Asian,second_cousins,388,21,3.2271932999457524
Asian,second_cousins,389,21,4.919685302967382
Asian,second_cousins,390,21,4.698094971760674
Asian,second_cousins,391,18,2.4328709525331558
Asian,second_cousins,392,17,4.6484292895379
Asian,second_cousins,393,21,4.643881289236651
Asian,second_cousins,394,17,2.2108993673684902
Asian,second_cousins,395,22,4.309095648138613
Asian,second_cousins,396,21,4.29829760185474
Asian,second_cousins,397,20,4.254219662267172
Asian,second_cousins,398,17,2.6350604264854693
Asian,second_cousins,399,18,1.23287609472369
Asian,second_cousins,400,20,2.5388824473355016
Asian,second_cousins,401,19,2.9915491760454143
Asian,second_cousins,402,23,5.405799649871411
Asian,second_cousins,403,27,4.241934318559338
Asian,second_cousins,404,20,3.6224516107741076
Asian,second_cousins,405,14,4.17339569992077
Asian,second_cousins,406,16,3.6852026430691778
Asian,second_cousins,407,18,2.5504082380172335
Asian,second_cousins,408,17,3.3345391171611087
Asian,second_cousins,409,15,2.6132702645775403
Asian,second_cousins,410,18,2.7658447624430904
Asian,second_cousins,411,17,4.485950974991001
Asian,second_cousins,412,22,6.348124238551049
Asian,second_cousins,413,21,3.892231665104709
Asian,second_cousins,414,17,2.816519869125604
Asian,second_cousins,415,24,3.4951688640358136
Asian,second_cousins,416,22,5.799476315202245
Asian,second_cousins,417,18,3.3802193413146453
Asian,second_cousins,418,19,1.8774004702536586
Asian,second_cousins,419,19,6.000545765415745
Asian,second_cousins,420,19,3.849937463655852
Asian,second_cousins,421,22,3.6167630414068674
Asian,second_cousins,422,16,1.4989005221157208
Asian,second_cousins,423,18,4.0750174926788745
Asian,second_cousins,424,18,3.7929686349006775
Asian,second_cousins,425,15,2.6943112858473364
Asian,second_cousins,426,14,2.352978720645566
Asian,second_cousins,427,15,4.604257873390482
Asian,second_cousins,428,15,5.48443495577031
Asian,second_cousins,429,14,2.1140115801768107
Asian,second_cousins,430,15,3.17661569253472
Asian,second_cousins,431,19,3.27384525354127
Asian,second_cousins,432,17,2.303538405418747
Asian,second_cousins,433,16,3.1455344794965336
Asian,second_cousins,434,15,1.954942689773071
Asian,second_cousins,435,19,3.572871469011409
Asian,second_cousins,436,15,2.048989316149499
Asian,second_cousins,437,21,4.479697062887438
Asian,second_cousins,438,13,2.808857399997113
Asian,second_cousins,439,22,4.441188399131237
Asian,second_cousins,440,19,2.6937645186856765
Asian,second_cousins,441,24,4.986623746630106
Asian,second_cousins,442,19,4.2577373564002015
Asian,second_cousins,443,23,3.8557318151689546
Asian,second_cousins,444,23,3.4795060641370412
Asian,second_cousins,445,22,3.0265536748973836
Asian,second_cousins,446,15,2.8091373166909133
Asian,second_cousins,447,24,3.936584180006589
Asian,second_cousins,448,24,4.571022048939285
Asian,second_cousins,449,17,3.07340249837333
Asian,second_cousins,450,18,4.480577908327104
Asian,second_cousins,451,14,2.1350895436804116
Asian,second_cousins,452,14,2.8514260337655504
Asian,second_cousins,453,16,2.94034813874875
Asian,second_cousins,454,20,6.418936825633683
Asian,second_cousins,455,22,4.038898867932841
Asian,second_cousins,456,17,2.4315535641569537
Asian,second_cousins,457,15,2.9465826069101104
Asian,second_cousins,458,23,3.3206458431037857
Asian,second_cousins,459,16,3.423801122390252
Asian,second_cousins,460,16,2.2053007515343577
Asian,second_cousins,461,16,3.0039204928485947
Asian,second_cousins,462,20,3.482288806636606
Asian,second_cousins,463,18,2.602470671003105
Asian,second_cousins,464,21,4.7701364928079535
Asian,second_cousins,465,21,2.843494632112692
Asian,second_cousins,466,13,1.0103271043748498
Asian,second_cousins,467,20,3.7928871242575526
Asian,second_cousins,468,23,4.906113626432595
Asian,second_cousins,469,14,0.6679977476127603
Asian,second_cousins,470,18,2.1425695797111417
Asian,second_cousins,471,22,4.100710646357931
Asian,second_cousins,472,17,3.762351095793718
Asian,second_cousins,473,18,2.0524118038002395
Asian,second_cousins,474,16,2.9064458269298323
Asian,second_cousins,475,23,6.035047261066932
Asian,second_cousins,476,16,2.7872215131496842
Asian,second_cousins,477,19,4.627618346094886
Asian,second_cousins,478,20,4.666380918419105
Asian,second_cousins,479,15,3.838645322546685
Asian,second_cousins,480,17,3.234139892270145
Asian,second_cousins,481,18,2.360075833177903
Asian,second_cousins,482,17,3.413147512942925
Asian,second_cousins,483,16,2.431609905399482
Asian,second_cousins,484,18,2.518977525039473
Asian,second_cousins,485,14,1.4377092253040435
Asian,second_cousins,486,17,2.9464106208754193
Asian,second_cousins,487,18,2.8200744385624366
Asian,second_cousins,488,18,3.892315389575828
Asian,second_cousins,489,18,3.132582679863055
Asian,second_cousins,490,15,0.9196654832593699
Asian,second_cousins,491,17,2.8431173527458666
Asian,second_cousins,492,15,1.2329443835870975
Asian,second_cousins,493,13,1.6840574470082088
Asian,second_cousins,494,14,2.1183136531090896
Asian,second_cousins,495,21,4.444569226621926
Asian,second_cousins,496,21,5.4264941998977125
Asian,second_cousins,497,20,1.8975578957172754
Asian,second_cousins,498,19,5.022149566818378
Asian,second_cousins,499,14,2.6044183210670164
Asian,second_cousins,500,14,2.542440289672742
Asian,unrelated,1,19,0
Asian,unrelated,2,14,0
Asian,unrelated,3,19,0
Asian,unrelated,4,13,0
Asian,unrelated,5,17,0
Asian,unrelated,6,17,0
Asian,unrelated,7,20,0
Asian,unrelated,8,18,0
Asian,unrelated,9,16,0
Asian,unrelated,10,15,0
Asian,unrelated,11,15,0
Asian,unrelated,12,18,0
Asian,unrelated,13,19,0
Asian,unrelated,14,17,0
Asian,unrelated,15,18,0
Asian,unrelated,16,14,0
Asian,unrelated,17,14,0
Asian,unrelated,18,16,0
Asian,unrelated,19,15,0
Asian,unrelated,20,20,0
Asian,unrelated,21,12,0
Asian,unrelated,22,12,0
Asian,unrelated,23,15,0
Asian,unrelated,24,22,0
Asian,unrelated,25,16,0
Asian,unrelated,26,17,0
Asian,unrelated,27,13,0
Asian,unrelated,28,16,0
Asian,unrelated,29,16,0
Asian,unrelated,30,11,0
Asian,unrelated,31,15,0
Asian,unrelated,32,20,0
Asian,unrelated,33,16,0
Asian,unrelated,34,17,0
Asian,unrelated,35,16,0
Asian,unrelated,36,23,0
Asian,unrelated,37,20,0
Asian,unrelated,38,18,0
Asian,unrelated,39,16,0
Asian,unrelated,40,17,0
Asian,unrelated,41,15,0
Asian,unrelated,42,18,0
Asian,unrelated,43,16,0
Asian,unrelated,44,20,0
Asian,unrelated,45,15,0
Asian,unrelated,46,16,0
Asian,unrelated,47,16,0
Asian,unrelated,48,17,0
Asian,unrelated,49,16,0
Asian,unrelated,50,21,0
Asian,unrelated,51,28,0
Asian,unrelated,52,15,0
Asian,unrelated,53,16,0
Asian,unrelated,54,14,0
Asian,unrelated,55,15,0
Asian,unrelated,56,19,0
Asian,unrelated,57,18,0
Asian,unrelated,58,19,0
Asian,unrelated,59,19,0
Asian,unrelated,60,17,0
Asian,unrelated,61,15,0
Asian,unrelated,62,20,0
Asian,unrelated,63,15,0
Asian,unrelated,64,12,0
Asian,unrelated,65,17,0
Asian,unrelated,66,17,0
Asian,unrelated,67,16,0
Asian,unrelated,68,9,0
Asian,unrelated,69,18,0
Asian,unrelated,70,18,0
Asian,unrelated,71,11,0
Asian,unrelated,72,18,0
Asian,unrelated,73,17,0
Asian,unrelated,74,16,0
Asian,unrelated,75,13,0
Asian,unrelated,76,11,0
Asian,unrelated,77,18,0
Asian,unrelated,78,23,0
Asian,unrelated,79,18,0
Asian,unrelated,80,16,0
Asian,unrelated,81,19,0
Asian,unrelated,82,14,0
Asian,unrelated,83,17,0
Asian,unrelated,84,18,0
Asian,unrelated,85,15,0
Asian,unrelated,86,20,0
Asian,unrelated,87,9,0
Asian,unrelated,88,24,0
Asian,unrelated,89,12,0
Asian,unrelated,90,18,0
Asian,unrelated,91,21,0
Asian,unrelated,92,22,0
Asian,unrelated,93,20,0
Asian,unrelated,94,8,0
Asian,unrelated,95,16,0
Asian,unrelated,96,14,0
Asian,unrelated,97,15,0
Asian,unrelated,98,16,0
Asian,unrelated,99,19,0
Asian,unrelated,100,20,0
Asian,unrelated,101,18,0
Asian,unrelated,102,21,0
Asian,unrelated,103,18,0
Asian,unrelated,104,18,0
Asian,unrelated,105,14,0
Asian,unrelated,106,17,0
Asian,unrelated,107,19,0
Asian,unrelated,108,17,0
Asian,unrelated,109,18,0
Asian,unrelated,110,16,0
Asian,unrelated,111,11,0
Asian,unrelated,112,21,0
Asian,unrelated,113,17,0
Asian,unrelated,114,22,0
Asian,unrelated,115,20,0
Asian,unrelated,116,20,0
Asian,unrelated,117,23,0
Asian,unrelated,118,19,0
Asian,unrelated,119,10,0
Asian,unrelated,120,18,0
Asian,unrelated,121,19,0
Asian,unrelated,122,18,0
Asian,unrelated,123,16,0
Asian,unrelated,124,18,0
Asian,unrelated,125,10,0
Asian,unrelated,126,15,0
Asian,unrelated,127,17,0
Asian,unrelated,128,15,0
Asian,unrelated,129,16,0
Asian,unrelated,130,17,0
Asian,unrelated,131,12,0
Asian,unrelated,132,19,0
Asian,unrelated,133,21,0
Asian,unrelated,134,19,0
Asian,unrelated,135,16,0
Asian,unrelated,136,19,0
Asian,unrelated,137,13,0
Asian,unrelated,138,15,0
Asian,unrelated,139,14,0
Asian,unrelated,140,15,0
Asian,unrelated,141,15,0
Asian,unrelated,142,22,0
Asian,unrelated,143,18,0
Asian,unrelated,144,16,0
Asian,unrelated,145,14,0
Asian,unrelated,146,18,0
Asian,unrelated,147,20,0
Asian,unrelated,148,13,0
Asian,unrelated,149,16,0
Asian,unrelated,150,13,0
Asian,unrelated,151,15,0
Asian,unrelated,152,13,0
Asian,unrelated,153,14,0
Asian,unrelated,154,14,0
Asian,unrelated,155,16,0
Asian,unrelated,156,18,0
Asian,unrelated,157,16,0
Asian,unrelated,158,17,0
Asian,unrelated,159,16,0
Asian,unrelated,160,16,0
Asian,unrelated,161,21,0
Asian,unrelated,162,20,0
Asian,unrelated,163,12,0
Asian,unrelated,164,17,0
Asian,unrelated,165,17,0
Asian,unrelated,166,15,0
Asian,unrelated,167,21,0
Asian,unrelated,168,16,0
Asian,unrelated,169,12,0
Asian,unrelated,170,16,0
Asian,unrelated,171,15,0
Asian,unrelated,172,13,0
Asian,unrelated,173,17,0
Asian,unrelated,174,16,0
Asian,unrelated,175,24,0
Asian,unrelated,176,18,0
Asian,unrelated,177,21,0
Asian,unrelated,178,16,0
Asian,unrelated,179,16,0
Asian,unrelated,180,18,0
Asian,unrelated,181,17,0
Asian,unrelated,182,18,0
Asian,unrelated,183,17,0
Asian,unrelated,184,17,0
Asian,unrelated,185,12,0
Asian,unrelated,186,11,0
Asian,unrelated,187,17,0
Asian,unrelated,188,15,0
Asian,unrelated,189,18,0
Asian,unrelated,190,19,0
Asian,unrelated,191,19,0
Asian,unrelated,192,17,0
Asian,unrelated,193,17,0
Asian,unrelated,194,15,0
Asian,unrelated,195,15,0
Asian,unrelated,196,19,0
Asian,unrelated,197,16,0
Asian,unrelated,198,17,0
Asian,unrelated,199,10,0
Asian,unrelated,200,15,0
Asian,unrelated,201,16,0
Asian,unrelated,202,15,0
Asian,unrelated,203,15,0
Asian,unrelated,204,18,0
Asian,unrelated,205,17,0
Asian,unrelated,206,16,0
Asian,unrelated,207,20,0
Asian,unrelated,208,22,0
Asian,unrelated,209,15,0
Asian,unrelated,210,21,0
Asian,unrelated,211,20,0
Asian,unrelated,212,10,0
Asian,unrelated,213,15,0
Asian,unrelated,214,18,0
Asian,unrelated,215,16,0
Asian,unrelated,216,17,0
Asian,unrelated,217,21,0
Asian,unrelated,218,21,0
Asian,unrelated,219,18,0
Asian,unrelated,220,17,0
Asian,unrelated,221,17,0
Asian,unrelated,222,21,0
Asian,unrelated,223,11,0
Asian,unrelated,224,20,0
Asian,unrelated,225,12,0
Asian,unrelated,226,19,0
Asian,unrelated,227,18,0
Asian,unrelated,228,15,0
Asian,unrelated,229,14,0
Asian,unrelated,230,14,0
Asian,unrelated,231,17,0
Asian,unrelated,232,19,0
Asian,unrelated,233,16,0
Asian,unrelated,234,14,0
Asian,unrelated,235,18,0
Asian,unrelated,236,17,0
Asian,unrelated,237,15,0
Asian,unrelated,238,18,0
Asian,unrelated,239,15,0
Asian,unrelated,240,19,0
Asian,unrelated,241,13,0
Asian,unrelated,242,21,0
Asian,unrelated,243,20,0
Asian,unrelated,244,19,0
Asian,unrelated,245,22,0
Asian,unrelated,246,15,0
Asian,unrelated,247,17,0
Asian,unrelated,248,20,0
Asian,unrelated,249,23,0
Asian,unrelated,250,16,0
Asian,unrelated,251,18,0
Asian,unrelated,252,17,0
Asian,unrelated,253,18,0
Asian,unrelated,254,11,0
Asian,unrelated,255,14,0
Asian,unrelated,256,19,0
Asian,unrelated,257,19,0
Asian,unrelated,258,18,0
Asian,unrelated,259,15,0
Asian,unrelated,260,19,0
Asian,unrelated,261,20,0
Asian,unrelated,262,8,0
Asian,unrelated,263,17,0
Asian,unrelated,264,16,0
Asian,unrelated,265,19,0
Asian,unrelated,266,19,0
Asian,unrelated,267,10,0
Asian,unrelated,268,16,0
Asian,unrelated,269,14,0
Asian,unrelated,270,19,0
Asian,unrelated,271,15,0
Asian,unrelated,272,15,0
Asian,unrelated,273,18,0
Asian,unrelated,274,17,0
Asian,unrelated,275,21,0
Asian,unrelated,276,16,0
Asian,unrelated,277,14,0
Asian,unrelated,278,20,0
Asian,unrelated,279,19,0
Asian,unrelated,280,24,0
Asian,unrelated,281,16,0
Asian,unrelated,282,18,0
Asian,unrelated,283,14,0
Asian,unrelated,284,17,0
Asian,unrelated,285,12,0
Asian,unrelated,286,15,0
Asian,unrelated,287,18,0
Asian,unrelated,288,19,0
Asian,unrelated,289,17,0
Asian,unrelated,290,19,0
Asian,unrelated,291,18,0
Asian,unrelated,292,15,0
Asian,unrelated,293,15,0
Asian,unrelated,294,21,0
Asian,unrelated,295,22,0
Asian,unrelated,296,20,0
Asian,unrelated,297,14,0
Asian,unrelated,298,20,0
Asian,unrelated,299,19,0
Asian,unrelated,300,16,0
Asian,unrelated,301,13,0
Asian,unrelated,302,17,0
Asian,unrelated,303,12,0
Asian,unrelated,304,27,0
Asian,unrelated,305,14,0
Asian,unrelated,306,19,0
Asian,unrelated,307,26,0
Asian,unrelated,308,16,0
Asian,unrelated,309,17,0
Asian,unrelated,310,14,0
Asian,unrelated,311,20,0
Asian,unrelated,312,19,0
Asian,unrelated,313,24,0
Asian,unrelated,314,18,0
Asian,unrelated,315,17,0
Asian,unrelated,316,15,0
Asian,unrelated,317,18,0
Asian,unrelated,318,14,0
Asian,unrelated,319,17,0
Asian,unrelated,320,18,0
Asian,unrelated,321,14,0
Asian,unrelated,322,18,0
Asian,unrelated,323,20,0
Asian,unrelated,324,19,0
Asian,unrelated,325,14,0
Asian,unrelated,326,20,0
Asian,unrelated,327,14,0
Asian,unrelated,328,21,0
Asian,unrelated,329,21,0
Asian,unrelated,330,15,0
Asian,unrelated,331,12,0
Asian,unrelated,332,18,0
Asian,unrelated,333,12,0
Asian,unrelated,334,18,0
Asian,unrelated,335,19,0
Asian,unrelated,336,17,0
Asian,unrelated,337,18,0
Asian,unrelated,338,17,0
Asian,unrelated,339,17,0
Asian,unrelated,340,15,0
Asian,unrelated,341,18,0
Asian,unrelated,342,21,0
Asian,unrelated,343,10,0
Asian,unrelated,344,18,0
Asian,unrelated,345,15,0
Asian,unrelated,346,19,0
Asian,unrelated,347,19,0
Asian,unrelated,348,14,0
Asian,unrelated,349,18,0
Asian,unrelated,350,14,0
Asian,unrelated,351,18,0
Asian,unrelated,352,15,0
Asian,unrelated,353,19,0
Asian,unrelated,354,19,0
Asian,unrelated,355,23,0
Asian,unrelated,356,16,0
Asian,unrelated,357,15,0
Asian,unrelated,358,18,0
Asian,unrelated,359,17,0
Asian,unrelated,360,22,0
Asian,unrelated,361,17,0
Asian,unrelated,362,19,0
Asian,unrelated,363,16,0
Asian,unrelated,364,15,0
Asian,unrelated,365,15,0
Asian,unrelated,366,15,0
Asian,unrelated,367,15,0
Asian,unrelated,368,20,0
Asian,unrelated,369,22,0
Asian,unrelated,370,16,0
Asian,unrelated,371,12,0
Asian,unrelated,372,20,0
Asian,unrelated,373,19,0
Asian,unrelated,374,19,0
Asian,unrelated,375,17,0
Asian,unrelated,376,13,0
Asian,unrelated,377,19,0
Asian,unrelated,378,16,0
Asian,unrelated,379,21,0
Asian,unrelated,380,20,0
Asian,unrelated,381,14,0
Asian,unrelated,382,13,0
Asian,unrelated,383,15,0
Asian,unrelated,384,25,0
Asian,unrelated,385,21,0
Asian,unrelated,386,17,0
Asian,unrelated,387,19,0
Asian,unrelated,388,11,0
Asian,unrelated,389,19,0
Asian,unrelated,390,19,0
Asian,unrelated,391,12,0
Asian,unrelated,392,21,0
Asian,unrelated,393,21,0
Asian,unrelated,394,14,0
Asian,unrelated,395,20,0
Asian,unrelated,396,15,0
Asian,unrelated,397,21,0
Asian,unrelated,398,13,0
Asian,unrelated,399,15,0
Asian,unrelated,400,16,0
Asian,unrelated,401,16,0
Asian,unrelated,402,17,0
Asian,unrelated,403,13,0
Asian,unrelated,404,17,0
Asian,unrelated,405,12,0
Asian,unrelated,406,12,0
Asian,unrelated,407,13,0
Asian,unrelated,408,17,0
Asian,unrelated,409,20,0
Asian,unrelated,410,18,0
Asian,unrelated,411,20,0
Asian,unrelated,412,13,0
Asian,unrelated,413,17,0
Asian,unrelated,414,19,0
Asian,unrelated,415,14,0
Asian,unrelated,416,22,0
Asian,unrelated,417,17,0
Asian,unrelated,418,10,0
Asian,unrelated,419,20,0
Asian,unrelated,420,13,0
Asian,unrelated,421,21,0
Asian,unrelated,422,15,0
Asian,unrelated,423,17,0
Asian,unrelated,424,16,0
Asian,unrelated,425,18,0
Asian,unrelated,426,18,0
Asian,unrelated,427,16,0
Asian,unrelated,428,19,0
Asian,unrelated,429,20,0
Asian,unrelated,430,17,0
Asian,unrelated,431,14,0
Asian,unrelated,432,19,0
Asian,unrelated,433,18,0
Asian,unrelated,434,16,0
Asian,unrelated,435,16,0
Asian,unrelated,436,16,0
Asian,unrelated,437,20,0
Asian,unrelated,438,19,0
Asian,unrelated,439,15,0
Asian,unrelated,440,15,0
Asian,unrelated,441,16,0
Asian,unrelated,442,16,0
Asian,unrelated,443,21,0
Asian,unrelated,444,19,0
Asian,unrelated,445,17,0
Asian,unrelated,446,17,0
Asian,unrelated,447,13,0
Asian,unrelated,448,19,0
Asian,unrelated,449,15,0
Asian,unrelated,450,11,0
Asian,unrelated,451,14,0
Asian,unrelated,452,15,0
Asian,unrelated,453,17,0
Asian,unrelated,454,20,0
Asian,unrelated,455,16,0
Asian,unrelated,456,13,0
Asian,unrelated,457,16,0
Asian,unrelated,458,11,0
Asian,unrelated,459,16,0
Asian,unrelated,460,14,0
Asian,unrelated,461,15,0
Asian,unrelated,462,22,0
Asian,unrelated,463,16,0
Asian,unrelated,464,20,0
Asian,unrelated,465,17,0
Asian,unrelated,466,15,0
Asian,unrelated,467,20,0
Asian,unrelated,468,14,0
Asian,unrelated,469,16,0
Asian,unrelated,470,15,0
Asian,unrelated,471,15,0
Asian,unrelated,472,14,0
Asian,unrelated,473,22,0
Asian,unrelated,474,16,0
Asian,unrelated,475,14,0
Asian,unrelated,476,21,0
Asian,unrelated,477,14,0
Asian,unrelated,478,17,0
Asian,unrelated,479,18,0
Asian,unrelated,480,12,0
Asian,unrelated,481,25,0
Asian,unrelated,482,15,0
Asian,unrelated,483,15,0
Asian,unrelated,484,27,0
Asian,unrelated,485,19,0
Asian,unrelated,486,17,0
Asian,unrelated,487,23,0
Asian,unrelated,488,20,0
Asian,unrelated,489,15,0
Asian,unrelated,490,20,0
Asian,unrelated,491,16,0
Asian,unrelated,492,20,0
Asian,unrelated,493,15,0
Asian,unrelated,494,19,0
Asian,unrelated,495,15,0
Asian,unrelated,496,19,0
Asian,unrelated,497,17,0
Asian,unrelated,498,22,0
Asian,unrelated,499,17,0
Asian,unrelated,500,15,0
Asian,unrelated,501,17,0
Asian,unrelated,502,14,0
Asian,unrelated,503,14,0
Asian,unrelated,504,18,0
Asian,unrelated,505,10,0
Asian,unrelated,506,16,0
Asian,unrelated,507,13,0
Asian,unrelated,508,14,0
Asian,unrelated,509,8,0
Asian,unrelated,510,13,0
Asian,unrelated,511,19,0
Asian,unrelated,512,17,0
Asian,unrelated,513,17,0
Asian,unrelated,514,19,0
Asian,unrelated,515,18,0
Asian,unrelated,516,19,0
Asian,unrelated,517,17,0
Asian,unrelated,518,18,0
Asian,unrelated,519,20,0
Asian,unrelated,520,14,0
Asian,unrelated,521,17,0
Asian,unrelated,522,20,0
Asian,unrelated,523,16,0
Asian,unrelated,524,13,0
Asian,unrelated,525,10,0
Asian,unrelated,526,17,0
Asian,unrelated,527,17,0
Asian,unrelated,528,21,0
Asian,unrelated,529,20,0
Asian,unrelated,530,21,0
Asian,unrelated,531,15,0
Asian,unrelated,532,16,0
Asian,unrelated,533,21,0
Asian,unrelated,534,20,0
Asian,unrelated,535,18,0
Asian,unrelated,536,18,0
Asian,unrelated,537,19,0
Asian,unrelated,538,18,0
Asian,unrelated,539,21,0
Asian,unrelated,540,14,0
Asian,unrelated,541,14,0
Asian,unrelated,542,18,0
Asian,unrelated,543,19,0
Asian,unrelated,544,21,0
Asian,unrelated,545,17,0
Asian,unrelated,546,17,0
Asian,unrelated,547,11,0
Asian,unrelated,548,16,0
Asian,unrelated,549,17,0
Asian,unrelated,550,16,0
Asian,unrelated,551,11,0
Asian,unrelated,552,16,0
Asian,unrelated,553,23,0
Asian,unrelated,554,16,0
Asian,unrelated,555,22,0
Asian,unrelated,556,20,0
Asian,unrelated,557,16,0
Asian,unrelated,558,15,0
Asian,unrelated,559,27,0
Asian,unrelated,560,16,0
Asian,unrelated,561,19,0
Asian,unrelated,562,16,0
Asian,unrelated,563,18,0
Asian,unrelated,564,15,0
Asian,unrelated,565,15,0
Asian,unrelated,566,17,0
Asian,unrelated,567,18,0
Asian,unrelated,568,20,0
Asian,unrelated,569,19,0
Asian,unrelated,570,14,0
Asian,unrelated,571,12,0
Asian,unrelated,572,20,0
Asian,unrelated,573,11,0
Asian,unrelated,574,14,0
Asian,unrelated,575,15,0
Asian,unrelated,576,19,0
Asian,unrelated,577,14,0
Asian,unrelated,578,27,0
Asian,unrelated,579,15,0
Asian,unrelated,580,16,0
Asian,unrelated,581,16,0
Asian,unrelated,582,18,0
Asian,unrelated,583,18,0
Asian,unrelated,584,15,0
Asian,unrelated,585,15,0
Asian,unrelated,586,15,0
Asian,unrelated,587,20,0
Asian,unrelated,588,15,0
Asian,unrelated,589,15,0
Asian,unrelated,590,19,0
Asian,unrelated,591,20,0
Asian,unrelated,592,12,0
Asian,unrelated,593,20,0
Asian,unrelated,594,14,0
Asian,unrelated,595,17,0
Asian,unrelated,596,19,0
Asian,unrelated,597,17,0
Asian,unrelated,598,21,0
Asian,unrelated,599,22,0
Asian,unrelated,600,16,0
Asian,unrelated,601,20,0
Asian,unrelated,602,16,0
Asian,unrelated,603,16,0
Asian,unrelated,604,17,0
Asian,unrelated,605,12,0
Asian,unrelated,606,17,0
Asian,unrelated,607,20,0
Asian,unrelated,608,19,0
Asian,unrelated,609,17,0
Asian,unrelated,610,17,0
Asian,unrelated,611,12,0
Asian,unrelated,612,13,0
Asian,unrelated,613,15,0
Asian,unrelated,614,14,0
Asian,unrelated,615,14,0
Asian,unrelated,616,13,0
Asian,unrelated,617,18,0
Asian,unrelated,618,17,0
Asian,unrelated,619,20,0
Asian,unrelated,620,16,0
Asian,unrelated,621,19,0
Asian,unrelated,622,19,0
Asian,unrelated,623,10,0
Asian,unrelated,624,19,0
Asian,unrelated,625,17,0
Asian,unrelated,626,18,0
Asian,unrelated,627,18,0
Asian,unrelated,628,17,0
Asian,unrelated,629,19,0
Asian,unrelated,630,16,0
Asian,unrelated,631,18,0
Asian,unrelated,632,14,0
Asian,unrelated,633,18,0
Asian,unrelated,634,13,0
Asian,unrelated,635,18,0
Asian,unrelated,636,17,0
Asian,unrelated,637,19,0
Asian,unrelated,638,18,0
Asian,unrelated,639,15,0
Asian,unrelated,640,16,0
Asian,unrelated,641,10,0
Asian,unrelated,642,18,0
Asian,unrelated,643,12,0
Asian,unrelated,644,18,0
Asian,unrelated,645,17,0
Asian,unrelated,646,21,0
Asian,unrelated,647,15,0
Asian,unrelated,648,18,0
Asian,unrelated,649,16,0
Asian,unrelated,650,19,0
Asian,unrelated,651,16,0
Asian,unrelated,652,15,0
Asian,unrelated,653,16,0
Asian,unrelated,654,14,0
Asian,unrelated,655,21,0
Asian,unrelated,656,12,0
Asian,unrelated,657,12,0
Asian,unrelated,658,16,0
Asian,unrelated,659,13,0
Asian,unrelated,660,18,0
Asian,unrelated,661,22,0
Asian,unrelated,662,17,0
Asian,unrelated,663,18,0
Asian,unrelated,664,19,0
Asian,unrelated,665,19,0
Asian,unrelated,666,23,0
Asian,unrelated,667,23,0
Asian,unrelated,668,21,0
Asian,unrelated,669,15,0
Asian,unrelated,670,9,0
Asian,unrelated,671,17,0
Asian,unrelated,672,18,0
Asian,unrelated,673,15,0
Asian,unrelated,674,11,0
Asian,unrelated,675,22,0
Asian,unrelated,676,17,0
Asian,unrelated,677,17,0
Asian,unrelated,678,18,0
Asian,unrelated,679,19,0
Asian,unrelated,680,17,0
Asian,unrelated,681,12,0
Asian,unrelated,682,18,0
Asian,unrelated,683,12,0
Asian,unrelated,684,16,0
Asian,unrelated,685,16,0
Asian,unrelated,686,19,0
Asian,unrelated,687,12,0
Asian,unrelated,688,14,0
Asian,unrelated,689,16,0
Asian,unrelated,690,20,0
Asian,unrelated,691,17,0
Asian,unrelated,692,10,0
Asian,unrelated,693,18,0
Asian,unrelated,694,16,0
Asian,unrelated,695,15,0
Asian,unrelated,696,19,0
Asian,unrelated,697,19,0
Asian,unrelated,698,17,0
Asian,unrelated,699,17,0
Asian,unrelated,700,20,0
Asian,unrelated,701,14,0
Asian,unrelated,702,15,0
Asian,unrelated,703,15,0
Asian,unrelated,704,17,0
Asian,unrelated,705,20,0
Asian,unrelated,706,16,0
Asian,unrelated,707,17,0
Asian,unrelated,708,17,0
Asian,unrelated,709,18,0
Asian,unrelated,710,11,0
Asian,unrelated,711,21,0
Asian,unrelated,712,16,0
Asian,unrelated,713,20,0
Asian,unrelated,714,19,0
Asian,unrelated,715,13,0
Asian,unrelated,716,16,0
Asian,unrelated,717,18,0
Asian,unrelated,718,16,0
Asian,unrelated,719,18,0
Asian,unrelated,720,16,0
Asian,unrelated,721,14,0
Asian,unrelated,722,12,0
Asian,unrelated,723,17,0
Asian,unrelated,724,8,0
Asian,unrelated,725,18,0
Asian,unrelated,726,18,0
Asian,unrelated,727,16,0
Asian,unrelated,728,13,0
Asian,unrelated,729,19,0
Asian,unrelated,730,13,0
Asian,unrelated,731,23,0
Asian,unrelated,732,9,0
Asian,unrelated,733,17,0
Asian,unrelated,734,16,0
Asian,unrelated,735,19,0
Asian,unrelated,736,23,0
Asian,unrelated,737,8,0
Asian,unrelated,738,19,0
Asian,unrelated,739,17,0
Asian,unrelated,740,16,0
Asian,unrelated,741,10,0
Asian,unrelated,742,18,0
Asian,unrelated,743,13,0
Asian,unrelated,744,17,0
Asian,unrelated,745,13,0
Asian,unrelated,746,16,0
Asian,unrelated,747,22,0
Asian,unrelated,748,20,0
Asian,unrelated,749,17,0
Asian,unrelated,750,15,0
Asian,unrelated,751,19,0
Asian,unrelated,752,17,0
Asian,unrelated,753,15,0
Asian,unrelated,754,15,0
Asian,unrelated,755,22,0
Asian,unrelated,756,21,0
Asian,unrelated,757,15,0
Asian,unrelated,758,15,0
Asian,unrelated,759,12,0
Asian,unrelated,760,16,0
Asian,unrelated,761,12,0
Asian,unrelated,762,12,0
Asian,unrelated,763,19,0
Asian,unrelated,764,8,0
Asian,unrelated,765,21,0
Asian,unrelated,766,17,0
Asian,unrelated,767,20,0
Asian,unrelated,768,20,0
Asian,unrelated,769,17,0
Asian,unrelated,770,17,0
Asian,unrelated,771,17,0
Asian,unrelated,772,18,0
Asian,unrelated,773,9,0
Asian,unrelated,774,17,0
Asian,unrelated,775,23,0
Asian,unrelated,776,15,0
Asian,unrelated,777,19,0
Asian,unrelated,778,15,0
Asian,unrelated,779,22,0
Asian,unrelated,780,17,0
Asian,unrelated,781,17,0
Asian,unrelated,782,14,0
Asian,unrelated,783,17,0
Asian,unrelated,784,13,0
Asian,unrelated,785,17,0
Asian,unrelated,786,18,0
Asian,unrelated,787,19,0
Asian,unrelated,788,14,0
Asian,unrelated,789,20,0
Asian,unrelated,790,12,0
Asian,unrelated,791,20,0
Asian,unrelated,792,16,0
Asian,unrelated,793,14,0
Asian,unrelated,794,17,0
Asian,unrelated,795,19,0
Asian,unrelated,796,17,0
Asian,unrelated,797,22,0
Asian,unrelated,798,22,0
Asian,unrelated,799,18,0
Asian,unrelated,800,19,0
Asian,unrelated,801,14,0
Asian,unrelated,802,16,0
Asian,unrelated,803,16,0
Asian,unrelated,804,17,0
Asian,unrelated,805,14,0
Asian,unrelated,806,16,0
Asian,unrelated,807,20,0
Asian,unrelated,808,15,0
Asian,unrelated,809,19,0
Asian,unrelated,810,14,0
Asian,unrelated,811,12,0
Asian,unrelated,812,15,0
Asian,unrelated,813,21,0
Asian,unrelated,814,14,0
Asian,unrelated,815,15,0
Asian,unrelated,816,20,0
Asian,unrelated,817,17,0
Asian,unrelated,818,15,0
Asian,unrelated,819,15,0
Asian,unrelated,820,19,0
Asian,unrelated,821,19,0
Asian,unrelated,822,15,0
Asian,unrelated,823,15,0
Asian,unrelated,824,16,0
Asian,unrelated,825,13,0
Asian,unrelated,826,14,0
Asian,unrelated,827,20,0
Asian,unrelated,828,17,0
Asian,unrelated,829,18,0
Asian,unrelated,830,16,0
Asian,unrelated,831,16,0
Asian,unrelated,832,16,0
Asian,unrelated,833,16,0
Asian,unrelated,834,20,0
Asian,unrelated,835,13,0
Asian,unrelated,836,19,0
Asian,unrelated,837,16,0
Asian,unrelated,838,11,0
Asian,unrelated,839,15,0
Asian,unrelated,840,17,0
Asian,unrelated,841,19,0
Asian,unrelated,842,23,0
Asian,unrelated,843,22,0
Asian,unrelated,844,15,0
Asian,unrelated,845,17,0
Asian,unrelated,846,16,0
Asian,unrelated,847,13,0
Asian,unrelated,848,17,0
Asian,unrelated,849,16,0
Asian,unrelated,850,21,0
Asian,unrelated,851,18,0
Asian,unrelated,852,19,0
Asian,unrelated,853,23,0
Asian,unrelated,854,16,0
Asian,unrelated,855,16,0
Asian,unrelated,856,15,0
Asian,unrelated,857,20,0
Asian,unrelated,858,15,0
Asian,unrelated,859,17,0
Asian,unrelated,860,13,0
Asian,unrelated,861,20,0
Asian,unrelated,862,18,0
Asian,unrelated,863,21,0
Asian,unrelated,864,18,0
Asian,unrelated,865,21,0
Asian,unrelated,866,15,0
Asian,unrelated,867,15,0
Asian,unrelated,868,18,0
Asian,unrelated,869,16,0
Asian,unrelated,870,15,0
Asian,unrelated,871,19,0
Asian,unrelated,872,15,0
Asian,unrelated,873,18,0
Asian,unrelated,874,10,0
Asian,unrelated,875,18,0
Asian,unrelated,876,22,0
Asian,unrelated,877,16,0
Asian,unrelated,878,14,0
Asian,unrelated,879,17,0
Asian,unrelated,880,14,0
Asian,unrelated,881,18,0
Asian,unrelated,882,9,0
Asian,unrelated,883,15,0
Asian,unrelated,884,18,0
Asian,unrelated,885,17,0
Asian,unrelated,886,18,0
Asian,unrelated,887,14,0
Asian,unrelated,888,16,0
Asian,unrelated,889,12,0
Asian,unrelated,890,19,0
Asian,unrelated,891,11,0
Asian,unrelated,892,15,0
Asian,unrelated,893,14,0
Asian,unrelated,894,13,0
Asian,unrelated,895,13,0
Asian,unrelated,896,16,0
Asian,unrelated,897,18,0
Asian,unrelated,898,18,0
Asian,unrelated,899,18,0
Asian,unrelated,900,16,0
Asian,unrelated,901,19,0
Asian,unrelated,902,14,0
Asian,unrelated,903,16,0
Asian,unrelated,904,14,0
Asian,unrelated,905,16,0
Asian,unrelated,906,13,0
Asian,unrelated,907,16,0
Asian,unrelated,908,15,0
Asian,unrelated,909,17,0
Asian,unrelated,910,19,0
Asian,unrelated,911,18,0
Asian,unrelated,912,16,0
Asian,unrelated,913,14,0
Asian,unrelated,914,13,0
Asian,unrelated,915,19,0
Asian,unrelated,916,20,0
Asian,unrelated,917,15,0
Asian,unrelated,918,16,0
Asian,unrelated,919,17,0
Asian,unrelated,920,14,0
Asian,unrelated,921,18,0
Asian,unrelated,922,18,0
Asian,unrelated,923,16,0
Asian,unrelated,924,13,0
Asian,unrelated,925,19,0
Asian,unrelated,926,19,0
Asian,unrelated,927,16,0
Asian,unrelated,928,13,0
Asian,unrelated,929,20,0
Asian,unrelated,930,21,0
Asian,unrelated,931,20,0
Asian,unrelated,932,14,0
Asian,unrelated,933,17,0
Asian,unrelated,934,19,0
Asian,unrelated,935,18,0
Asian,unrelated,936,17,0
Asian,unrelated,937,25,0
Asian,unrelated,938,20,0
Asian,unrelated,939,16,0
Asian,unrelated,940,14,0
Asian,unrelated,941,19,0
Asian,unrelated,942,21,0
Asian,unrelated,943,17,0
Asian,unrelated,944,18,0
Asian,unrelated,945,21,0
Asian,unrelated,946,21,0
Asian,unrelated,947,19,0
Asian,unrelated,948,12,0
Asian,unrelated,949,19,0
Asian,unrelated,950,16,0
Asian,unrelated,951,15,0
Asian,unrelated,952,16,0
Asian,unrelated,953,16,0
Asian,unrelated,954,11,0
Asian,unrelated,955,21,0
Asian,unrelated,956,18,0
Asian,unrelated,957,20,0
Asian,unrelated,958,20,0
Asian,unrelated,959,17,0
Asian,unrelated,960,16,0
Asian,unrelated,961,17,0
Asian,unrelated,962,13,0
Asian,unrelated,963,15,0
Asian,unrelated,964,13,0
Asian,unrelated,965,17,0
Asian,unrelated,966,19,0
Asian,unrelated,967,18,0
Asian,unrelated,968,14,0
Asian,unrelated,969,21,0
Asian,unrelated,970,20,0
Asian,unrelated,971,15,0
Asian,unrelated,972,15,0
Asian,unrelated,973,19,0
Asian,unrelated,974,13,0
Asian,unrelated,975,21,0
Asian,unrelated,976,21,0
Asian,unrelated,977,17,0
Asian,unrelated,978,21,0
Asian,unrelated,979,15,0
Asian,unrelated,980,12,0
Asian,unrelated,981,10,0
Asian,unrelated,982,16,0
Asian,unrelated,983,15,0
Asian,unrelated,984,17,0
Asian,unrelated,985,8,0
Asian,unrelated,986,20,0
Asian,unrelated,987,18,0
Asian,unrelated,988,22,0
Asian,unrelated,989,16,0
Asian,unrelated,990,17,0
Asian,unrelated,991,17,0
Asian,unrelated,992,15,0
Asian,unrelated,993,14,0
Asian,unrelated,994,13,0
Asian,unrelated,995,15,0
Asian,unrelated,996,16,0
Asian,unrelated,997,19,0
Asian,unrelated,998,10,0
Asian,unrelated,999,18,0
Asian,unrelated,1000,14,0
Cauc,parent_child,1,33,57.82042828883537
Cauc,parent_child,2,34,46.40469843372981
Cauc,parent_child,3,33,52.597710290858984
Cauc,parent_child,4,34,49.78717381250719
Cauc,parent_child,5,33,50.62352085018855
Cauc,parent_child,6,33,67.13550195029663
Cauc,parent_child,7,33,52.124484837669364
Cauc,parent_child,8,34,58.64109759800984
Cauc,parent_child,9,30,61.52175284298955
Cauc,parent_child,10,34,57.526636557770736
Cauc,parent_child,11,34,51.663994804831894
Cauc,parent_child,12,32,55.13254060496042
Cauc,parent_child,13,33,57.51196332362068
Cauc,parent_child,14,35,49.286253136597885
Cauc,parent_child,15,34,55.743305397181324
Cauc,parent_child,16,32,60.91298543766413
Cauc,parent_child,17,37,47.30753055393879
Cauc,parent_child,18,32,51.10979059020766
Cauc,parent_child,19,34,50.38242255549074
Cauc,parent_child,20,34,53.95288718878238
Cauc,parent_child,21,33,54.554655892641044
Cauc,parent_child,22,33,48.10047704084334
Cauc,parent_child,23,34,50.07813267194044
Cauc,parent_child,24,34,62.19763406248423
Cauc,parent_child,25,33,58.27906070828724
Cauc,parent_child,26,31,54.53456481980953
Cauc,parent_child,27,31,54.95889063894724
Cauc,parent_child,28,33,53.02960471789779
Cauc,parent_child,29,32,56.66529700858484
Cauc,parent_child,30,29,52.678118823584576
Cauc,parent_child,31,34,58.84940321417647
Cauc,parent_child,32,31,52.40250673960336
Cauc,parent_child,33,37,47.587723427295565
Cauc,parent_child,34,32,62.36234392368864
Cauc,parent_child,35,32,54.25725537511168
Cauc,parent_child,36,32,48.717338715168985
Cauc,parent_child,37,35,49.779063629735454
Cauc,parent_child,38,35,49.79804479576223
Cauc,parent_child,39,32,55.06845950792854
Cauc,parent_child,40,30,62.677139586573894
Cauc,parent_child,41,34,48.003860218943714
Cauc,parent_child,42,36,59.44477227059432
Cauc,parent_child,43,35,52.609655224047806
Cauc,parent_child,44,33,50.51850412123419
Cauc,parent_child,45,34,48.59962880213493
Cauc,parent_child,46,34,58.98142927602162
Cauc,parent_child,47,33,57.537923963350046
Cauc,parent_child,48,30,56.19668329965418
Cauc,parent_child,49,32,59.43184354602766
Cauc,parent_child,50,34,57.01462931983787
Cauc,parent_child,51,33,61.80858365096243
Cauc,parent_child,52,35,49.8705293250185
Cauc,parent_child,53,35,47.345092775572454
Cauc,parent_child,54,36,61.12550433920815
Cauc,parent_child,55,33,47.28466756045824
Cauc,parent_child,56,32,56.50605294187143
Cauc,parent_child,57,35,48.10702217965813
Cauc,parent_child,58,36,47.160069172663185
Cauc,parent_child,59,35,53.361801837073145
Cauc,parent_child,60,32,56.366966881579295
Cauc,parent_child,61,34,50.54523663193959
Cauc,parent_child,62,33,54.48575898872299
Cauc,parent_child,63,34,54.48086028001412
Cauc,parent_child,64,34,53.5651251676687
Cauc,parent_child,65,32,56.03780610756177
Cauc,parent_child,66,31,62.30601195838809
Cauc,parent_child,67,34,53.217902503225865
Cauc,parent_child,68,34,55.2393501523866
Cauc,parent_child,69,34,49.809316494061854
Cauc,parent_child,70,32,54.68305086306329
Cauc,parent_child,71,32,56.67341922693385
Cauc,parent_child,72,36,61.297853094867364
Cauc,parent_child,73,31,51.56083734199501
Cauc,parent_child,74,33,46.98812225591592
Cauc,parent_child,75,32,62.02006039675748
Cauc,parent_child,76,36,52.33563381698036
Cauc,parent_child,77,33,61.32256520698292
Cauc,parent_child,78,31,54.73188578178108
Cauc,parent_child,79,31,52.4908465356834
Cauc,parent_child,80,31,52.06348665716649
Cauc,parent_child,81,35,54.08343849822858
Cauc,parent_child,82,35,52.11430017766441
Cauc,parent_child,83,33,48.27173019225353
Cauc,parent_child,84,38,52.23347230725006
Cauc,parent_child,85,32,49.69393076214836
Cauc,parent_child,86,36,49.4414105850739
Cauc,parent_child,87,32,47.45457273306851
Cauc,parent_child,88,33,46.3196370029561
Cauc,parent_child,89,37,47.78043765763033
Cauc,parent_child,90,32,54.62551741153914
Cauc,parent_child,91,33,50.925933849386865
Cauc,parent_child,92,33,53.94957933370976
Cauc,parent_child,93,32,53.041779955938964
Cauc,parent_child,94,32,51.20795202487053
Cauc,parent_child,95,32,56.40793897105863
Cauc,parent_child,96,33,59.564426778081035
Cauc,parent_child,97,35,53.35530355218671
Cauc,parent_child,98,35,53.60150348610752
Cauc,parent_child,99,37,47.80525817883228
Cauc,parent_child,100,33,53.28328067661827
Cauc,parent_child,101,34,53.662528420969025
Cauc,parent_child,102,33,53.279895799717394
Cauc,parent_child,103,32,56.29550393725292
Cauc,parent_child,104,30,58.24531488994374
Cauc,parent_child,105,33,51.2210561025803
Cauc,parent_child,106,34,47.435512164461905
Cauc,parent_child,107,32,50.58963649819859
Cauc,parent_child,108,32,55.66094194025667
Cauc,parent_child,109,32,53.3072234634776
Cauc,parent_child,110,33,53.06446538104501
Cauc,parent_child,111,33,47.72971564778679
Cauc,parent_child,112,30,51.66158297826687
Cauc,parent_child,113,32,53.80223242697613
Cauc,parent_child,114,32,58.09390844120158
Cauc,parent_child,115,31,58.63094053698175
Cauc,parent_child,116,33,52.15276103828935
Cauc,parent_child,117,33,57.47411815330996
Cauc,parent_child,118,32,52.8839602900356
Cauc,parent_child,119,34,53.520961700932546
Cauc,parent_child,120,33,49.276455660820304
Cauc,parent_child,121,35,52.754089754842695
Cauc,parent_child,122,34,48.43988147073487
Cauc,parent_child,123,32,55.54100118896559
Cauc,parent_child,124,34,51.812078100568776
Cauc,parent_child,125,34,53.31308070852871
Cauc,parent_child,126,34,61.71776740211671
Cauc,parent_child,127,30,62.409013279857106
Cauc,parent_child,128,36,51.10654845744291
Cauc,parent_child,129,33,55.986638789146575
Cauc,parent_child,130,36,55.70959057008785
Cauc,parent_child,131,35,46.89544865976471
Cauc,parent_child,132,33,55.44614973219847
Cauc,parent_child,133,32,54.79989362284855
Cauc,parent_child,134,31,59.73722871694316
Cauc,parent_child,135,36,45.4075979395343
Cauc,parent_child,136,31,51.63703088095345
Cauc,parent_child,137,35,47.2284203225202
Cauc,parent_child,138,36,44.348726941236315
Cauc,parent_child,139,32,50.41819197960501
Cauc,parent_child,140,32,58.194618459100745
Cauc,parent_child,141,32,61.70665947299613
Cauc,parent_child,142,35,49.5071968920932
Cauc,parent_child,143,34,58.40644502467142
Cauc,parent_child,144,36,51.12156755641837
Cauc,parent_child,145,35,47.60389056758215
Cauc,parent_child,146,34,60.59946085683936
Cauc,parent_child,147,32,54.54585515445083
Cauc,parent_child,148,32,56.281667505836126
Cauc,parent_child,149,34,51.816005698228864
Cauc,parent_child,150,33,51.442649094596376
Cauc,parent_child,151,33,58.37927352555118
Cauc,parent_child,152,35,49.40037710838332
Cauc,parent_child,153,31,50.600554412034
Cauc,parent_child,154,34,50.9276548333319
Cauc,parent_child,155,32,61.48947079026854
Cauc,parent_child,156,33,52.5317547576908
Cauc,parent_child,157,33,56.8766013834665
Cauc,parent_child,158,32,52.44928868705556
Cauc,parent_child,159,30,61.1698932962237
Cauc,parent_child,160,32,48.21908605196717
Cauc,parent_child,161,30,55.10349886638378
Cauc,parent_child,162,33,55.08916632853371
Cauc,parent_child,163,31,63.24349306679924
Cauc,parent_child,164,36,52.09610595443922
Cauc,parent_child,165,32,52.07658582837589
Cauc,parent_child,166,35,62.85779012107962
Cauc,parent_child,167,29,55.79444908916295
Cauc,parent_child,168,34,50.913895246721985
Cauc,parent_child,169,33,58.10194392018727
Cauc,parent_child,170,32,52.39524395999087
Cauc,parent_child,171,31,59.801555871611434
Cauc,parent_child,172,30,57.0830789436267
Cauc,parent_child,173,32,62.18963749355948
Cauc,parent_child,174,33,54.63451694913153
Cauc,parent_child,175,33,50.03266441778476
Cauc,parent_child,176,32,55.31819588270948
Cauc,parent_child,177,31,50.4798310984023
Cauc,parent_child,178,31,59.577152787395846
Cauc,parent_child,179,36,49.935534815794675
Cauc,parent_child,180,32,51.45069785862032
Cauc,parent_child,181,33,58.35543670731554
Cauc,parent_child,182,35,55.39600195153165
Cauc,parent_child,183,35,51.791558382011395
Cauc,parent_child,184,30,60.474889051408894
Cauc,parent_child,185,33,50.229518020963035
Cauc,parent_child,186,34,56.07020063052302
Cauc,parent_child,187,33,53.68617957246088
Cauc,parent_child,188,35,49.56089864343256
Cauc,parent_child,189,34,53.10358050058509
Cauc,parent_child,190,31,60.45854596880627
Cauc,parent_child,191,33,58.38602197720244
Cauc,parent_child,192,33,48.99263382216625
Cauc,parent_child,193,33,49.1170348608442
Cauc,parent_child,194,32,50.64144277306643
Cauc,parent_child,195,32,67.39702214631403
Cauc,parent_child,196,31,59.532911875716415
Cauc,parent_child,197,34,49.24858222418237
Cauc,parent_child,198,34,49.49378811483765
Cauc,parent_child,199,32,59.92644023630794
Cauc,parent_child,200,32,50.940091430196325
Cauc,parent_child,201,35,47.57990788337062
Cauc,parent_child,202,31,51.92441746420534
Cauc,parent_child,203,34,56.969685633426295
Cauc,parent_child,204,33,54.546462788875225
Cauc,parent_child,205,30,61.05945882350863
Cauc,parent_child,206,35,48.55980663647298
Cauc,parent_child,207,31,54.90469678351894
Cauc,parent_child,208,34,55.69856190050198
Cauc,parent_child,209,35,48.815516128856096
Cauc,parent_child,210,33,57.38681228380837
Cauc,parent_child,211,37,46.188198008781086
Cauc,parent_child,212,35,51.921638660267696
Cauc,parent_child,213,32,55.513539297762144
Cauc,parent_child,214,33,61.999478261753275
Cauc,parent_child,215,36,50.16041139183797
Cauc,parent_child,216,33,50.94482223295674
Cauc,parent_child,217,36,52.161518647222216
Cauc,parent_child,218,33,50.77999259441744
Cauc,parent_child,219,32,50.89811309853226
Cauc,parent_child,220,31,58.97099232008142
Cauc,parent_child,221,31,60.99857120972722
Cauc,parent_child,222,33,54.178168951850736
Cauc,parent_child,223,33,48.977842796996555
Cauc,parent_child,224,35,44.84287056585463
Cauc,parent_child,225,32,59.102090174017896
Cauc,parent_child,226,35,49.50038293797015
Cauc,parent_child,227,31,56.42728183539691
Cauc,parent_child,228,33,50.895157188668186
Cauc,parent_child,229,33,47.90300795192594
Cauc,parent_child,230,33,51.815996996443936
Cauc,parent_child,231,32,53.685931550814644
Cauc,parent_child,232,35,49.57124090834382
Cauc,parent_child,233,37,57.22070643865731
Cauc,parent_child,234,34,46.937269051299495
Cauc,parent_child,235,33,57.128048901957115
Cauc,parent_child,236,31,52.82272860270488
Cauc,parent_child,237,33,53.547359854532395
Cauc,parent_child,238,34,49.48632296625541
Cauc,parent_child,239,33,57.32800955353853
Cauc,parent_child,240,34,48.421374359948594
Cauc,parent_child,241,34,54.32158273604338
Cauc,parent_child,242,38,44.54317718846103
Cauc,parent_child,243,35,48.10622973486787
Cauc,parent_child,244,34,55.1603883136221
Cauc,parent_child,245,34,54.55073898628715
Cauc,parent_child,246,31,54.14339115417095
Cauc,parent_child,247,33,54.62223736984785
Cauc,parent_child,248,34,52.804901844258914
Cauc,parent_child,249,34,48.08632183295207
Cauc,parent_child,250,34,52.43948077033907
Cauc,parent_child,251,32,48.30192346599335
Cauc,parent_child,252,34,49.116922746355414
Cauc,parent_child,253,31,51.36591320648324
Cauc,parent_child,254,34,49.614293376905174
Cauc,parent_child,255,31,53.85853302869647
Cauc,parent_child,256,31,58.254128189272336
Cauc,parent_child,257,32,59.01119461305686
Cauc,parent_child,258,35,53.85105709412956
Cauc,parent_child,259,36,48.3127152756392
Cauc,parent_child,260,31,50.56208682923213
Cauc,parent_child,261,34,51.869441297299545
Cauc,parent_child,262,32,52.350161284885175
Cauc,parent_child,263,34,48.71954997189139
Cauc,parent_child,264,30,51.93569150681166
Cauc,parent_child,265,33,55.12730115686204
Cauc,parent_child,266,33,51.45661476146125
Cauc,parent_child,267,33,53.941746924737124
Cauc,parent_child,268,31,59.10463650848953
Cauc,parent_child,269,32,53.26769611992984
Cauc,parent_child,270,39,50.089743239610094
Cauc,parent_child,271,30,53.897076453345754
Cauc,parent_child,272,31,52.175372817696946
Cauc,parent_child,273,31,58.662187551120866
Cauc,parent_child,274,31,62.53452000663878
Cauc,parent_child,275,32,57.18521857600256
Cauc,parent_child,276,37,47.084732264506705
Cauc,parent_child,277,31,61.37767978631807
Cauc,parent_child,278,31,56.926212058352895
Cauc,parent_child,279,35,53.17158158733317
Cauc,parent_child,280,32,48.71626913980056
Cauc,parent_child,281,34,58.12675929171554
Cauc,parent_child,282,32,60.10961548963162
Cauc,parent_child,283,36,44.6560746622567
Cauc,parent_child,284,33,45.43105056338624
Cauc,parent_child,285,35,53.593696866808976
Cauc,parent_child,286,31,57.903762840928785
Cauc,parent_child,287,35,48.432397482414835
Cauc,parent_child,288,33,55.319632722422334
Cauc,parent_child,289,35,48.48707457131618
Cauc,parent_child,290,32,55.35599408250779
Cauc,parent_child,291,33,47.31492108192739
Cauc,parent_child,292,32,49.23346028613038
Cauc,parent_child,293,30,52.73972381434619
Cauc,parent_child,294,33,52.50660664850916
Cauc,parent_child,295,35,51.518013715564216
Cauc,parent_child,296,34,65.4032251899814
Cauc,parent_child,297,35,55.25653979982985
Cauc,parent_child,298,32,50.40058779627489
Cauc,parent_child,299,33,53.217307600926084
Cauc,parent_child,300,33,51.15573789493499
Cauc,parent_child,301,32,53.489900353706354
Cauc,parent_child,302,33,49.3108444287837
Cauc,parent_child,303,31,49.72832733260203
Cauc,parent_child,304,33,59.06716108520688
Cauc,parent_child,305,35,48.569640477918746
Cauc,parent_child,306,32,55.463225506097096
Cauc,parent_child,307,32,52.934168791696095
Cauc,parent_child,308,32,56.960128243476
Cauc,parent_child,309,34,54.466819311806496
Cauc,parent_child,310,35,59.66124687437997
Cauc,parent_child,311,34,55.92551595391756
Cauc,parent_child,312,32,52.64207840481176
Cauc,parent_child,313,35,59.02181881770704
Cauc,parent_child,314,31,52.58651211005472
Cauc,parent_child,315,35,51.25230408054827
Cauc,parent_child,316,35,51.73307597861869
Cauc,parent_child,317,35,58.449234081337664
Cauc,parent_child,318,32,62.25725298791923
Cauc,parent_child,319,36,47.327090015317054
Cauc,parent_child,320,32,48.96620148551053
Cauc,parent_child,321,33,52.025046596355836
Cauc,parent_child,322,35,53.083821912551464
Cauc,parent_child,323,32,51.756346349297516
Cauc,parent_child,324,32,54.446333580538386
Cauc,parent_child,325,34,56.18831044312166
Cauc,parent_child,326,29,61.14788609143144
Cauc,parent_child,327,33,53.805566259448355
Cauc,parent_child,328,35,59.71129381461453
Cauc,parent_child,329,34,54.72806254604301
Cauc,parent_child,330,36,55.35632357001746
Cauc,parent_child,331,34,51.36365919931574
Cauc,parent_child,332,32,59.588619113568576
Cauc,parent_child,333,34,68.21865967410434
Cauc,parent_child,334,31,54.33451930292892
Cauc,parent_child,335,33,48.54162073133065
Cauc,parent_child,336,33,55.87949263875768
Cauc,parent_child,337,36,46.20530032619306
Cauc,parent_child,338,35,46.504369479635535
Cauc,parent_child,339,33,58.233087919253485
Cauc,parent_child,340,35,49.46860989857725
Cauc,parent_child,341,35,54.69113359536204
Cauc,parent_child,342,37,51.715264731832065
Cauc,parent_child,343,32,55.04535246755275
Cauc,parent_child,344,33,55.63375933638186
Cauc,parent_child,345,33,57.10552872613852
Cauc,parent_child,346,35,55.34083181123075
Cauc,parent_child,347,32,57.64420473471504
Cauc,parent_child,348,30,55.466777041328704
Cauc,parent_child,349,35,50.88395958356599
Cauc,parent_child,350,35,57.80310644069706
Cauc,parent_child,351,29,63.99067357178653
Cauc,parent_child,352,33,56.290991549952395
Cauc,parent_child,353,35,52.61646744067631
Cauc,parent_child,354,32,58.084383694972146
Cauc,parent_child,355,32,62.44599411712584
Cauc,parent_child,356,32,49.52570559506179
Cauc,parent_child,357,34,59.323228197139315
Cauc,parent_child,358,37,53.17534954563766
Cauc,parent_child,359,33,58.458139163245704
Cauc,parent_child,360,33,57.29626409693192
Cauc,parent_child,361,32,51.07068748147337
Cauc,parent_child,362,35,56.819285077467534
Cauc,parent_child,363,35,50.45610240083464
Cauc,parent_child,364,34,53.798211506652535
Cauc,parent_child,365,37,56.61413747456654
Cauc,parent_child,366,34,58.87402423518914
Cauc,parent_child,367,33,52.164804208978325
Cauc,parent_child,368,30,58.649933877321
Cauc,parent_child,369,34,57.479364294476845
Cauc,parent_child,370,32,57.267159238008844
Cauc,parent_child,371,30,49.55672902425084
Cauc,parent_child,372,31,53.67788705972565
Cauc,parent_child,373,30,56.922615544797296
Cauc,parent_child,374,32,52.63685090837444
Cauc,parent_child,375,33,56.15740635222899
Cauc,parent_child,376,35,52.63808329632829
Cauc,parent_child,377,34,53.023497393301035
Cauc,parent_child,378,32,53.03659749237954
Cauc,parent_child,379,34,47.04626662289308
Cauc,parent_child,380,31,53.69043426184194
Cauc,parent_child,381,32,57.29868951025905
Cauc,parent_child,382,33,48.49626202791523
Cauc,parent_child,383,33,57.17938063597254
Cauc,parent_child,384,31,61.123770698251235
Cauc,parent_child,385,32,50.073741670488
Cauc,parent_child,386,34,53.55073950084237
Cauc,parent_child,387,34,50.415991073957805
Cauc,parent_child,388,35,55.708846615403026
Cauc,parent_child,389,34,60.64840552931455
Cauc,parent_child,390,33,57.90069828351613
Cauc,parent_child,391,34,49.61914697171036
Cauc,parent_child,392,32,54.181017413941326
Cauc,parent_child,393,36,53.87373625632297
Cauc,parent_child,394,31,57.65446334999659
Cauc,parent_child,395,33,49.80803584234978
Cauc,parent_child,396,34,49.48554046240913
Cauc,parent_child,397,35,52.884973418025
Cauc,parent_child,398,33,52.10008564522944
Cauc,parent_child,399,32,56.081290392529255
Cauc,parent_child,400,34,49.58912730748313
Cauc,parent_child,401,35,49.29704228869696
Cauc,parent_child,402,36,48.79430664428138
Cauc,parent_child,403,33,45.516551852722614
Cauc,parent_child,404,33,57.46799975898555
Cauc,parent_child,405,34,59.292860249687294
Cauc,parent_child,406,31,46.82230281324631
Cauc,parent_child,407,31,51.71106093953264
Cauc,parent_child,408,36,52.43358843519162
Cauc,parent_child,409,33,54.32290994361361
Cauc,parent_child,410,29,53.529910048641476
Cauc,parent_child,411,32,59.619458780133314
Cauc,parent_child,412,36,53.8589109902878
Cauc,parent_child,413,31,50.14038279585482
Cauc,parent_child,414,33,53.451599566203434
Cauc,parent_child,415,35,51.25190296871002
Cauc,parent_child,416,31,52.976867373300095
Cauc,parent_child,417,34,57.634690575573245
Cauc,parent_child,418,34,51.34184835352119
Cauc,parent_child,419,31,58.15697003953314
Cauc,parent_child,420,33,55.20281993340049
Cauc,parent_child,421,31,56.843690701984485
Cauc,parent_child,422,33,53.34579836819092
Cauc,parent_child,423,34,47.78770334247712
Cauc,parent_child,424,37,49.22987204763859
Cauc,parent_child,425,32,54.054923985643356
Cauc,parent_child,426,31,56.89718652862985
Cauc,parent_child,427,33,48.03310371630817
Cauc,parent_child,428,35,48.291156798793914
Cauc,parent_child,429,32,59.20245751771814
Cauc,parent_child,430,33,54.68000620233128
Cauc,parent_child,431,37,50.862134508248275
Cauc,parent_child,432,33,47.57406267723977
Cauc,parent_child,433,31,55.25761236132265
Cauc,parent_child,434,33,57.14927761803796
Cauc,parent_child,435,35,54.87001946252405
Cauc,parent_child,436,30,59.212913870417125
Cauc,parent_child,437,33,53.785115747932224
Cauc,parent_child,438,34,53.82588558872954
Cauc,parent_child,439,33,52.07865272683444
Cauc,parent_child,440,35,49.62662715282019
Cauc,parent_child,441,38,47.22016740875467
Cauc,parent_child,442,33,50.95033537683847
Cauc,parent_child,443,33,55.15753659934077
Cauc,parent_child,444,35,48.52171007865987
Cauc,parent_child,445,33,49.76057941962372
Cauc,parent_child,446,33,53.64671102644539
Cauc,parent_child,447,31,55.57926109010298
Cauc,parent_child,448,35,53.92119101100993
Cauc,parent_child,449,33,55.200735368903565
Cauc,parent_child,450,34,52.362420711404056
Cauc,parent_child,451,35,51.64475662494819
Cauc,parent_child,452,33,48.706646309351164
Cauc,parent_child,453,29,59.88532827706186
Cauc,parent_child,454,36,54.01829032195227
Cauc,parent_child,455,31,51.50256551208499
Cauc,parent_child,456,32,50.89927420919018
Cauc,parent_child,457,37,56.887426035353286
Cauc,parent_child,458,33,50.70983976171529
Cauc,parent_child,459,32,56.75316072958599
Cauc,parent_child,460,31,50.17085980012859
Cauc,parent_child,461,30,48.63667700500441
Cauc,parent_child,462,33,50.66846515418088
Cauc,parent_child,463,31,57.36820242328422
Cauc,parent_child,464,34,46.8112627980423
Cauc,parent_child,465,35,52.57646155151239
Cauc,parent_child,466,33,51.259033069808396
Cauc,parent_child,467,35,53.62006758100238
Cauc,parent_child,468,34,51.309096775325564
Cauc,parent_child,469,34,52.715058436313
Cauc,parent_child,470,33,58.897917558992475
Cauc,parent_child,471,32,51.14215545515703
Cauc,parent_child,472,33,52.17446828812573
Cauc,parent_child,473,37,50.82671226557754
Cauc,parent_child,474,33,52.71746339247575
Cauc,parent_child,475,31,63.684346796350646
Cauc,parent_child,476,33,56.522174033834034
Cauc,parent_child,477,34,53.61669944962714
Cauc,parent_child,478,33,52.60169689748142
Cauc,parent_child,479,31,53.61336045933182
Cauc,parent_child,480,29,56.48412134887766
Cauc,parent_child,481,32,60.2917496260349
Cauc,parent_child,482,38,47.7303532222177
Cauc,parent_child,483,29,55.63773405297155
Cauc,parent_child,484,35,51.817984132418644
Cauc,parent_child,485,34,48.01571920250175
Cauc,parent_child,486,36,45.48379777151658
Cauc,parent_child,487,33,48.36940486120965
Cauc,parent_child,488,31,54.467270119215684
Cauc,parent_child,489,33,58.12173885376293
Cauc,parent_child,490,33,55.8352991466307
Cauc,parent_child,491,33,55.47578735017957
Cauc,parent_child,492,33,50.954970172037065
Cauc,parent_child,493,35,53.777018981403344
Cauc,parent_child,494,34,55.20230219858545
Cauc,parent_child,495,36,46.32775217585514
Cauc,parent_child,496,30,60.123923806979576
Cauc,parent_child,497,32,53.446115440209375
Cauc,parent_child,498,34,53.101283698857976
Cauc,parent_child,499,33,52.92694488652696
Cauc,parent_child,500,32,53.96695781134018
Cauc,full_siblings,1,35,60.6682107682886
Cauc,full_siblings,2,34,63.59998861814825
Cauc,full_siblings,3,34,57.99749862911071
Cauc,full_siblings,4,35,62.029500020140915
Cauc,full_siblings,5,33,62.67879890108378
Cauc,full_siblings,6,31,62.73538771743485
Cauc,full_siblings,7,34,61.250883035542465
Cauc,full_siblings,8,35,60.751666549635594
Cauc,full_siblings,9,40,61.7768778641006
Cauc,full_siblings,10,35,61.627927517245226
Cauc,full_siblings,11,37,74.92759935238232
Cauc,full_siblings,12,32,57.48482130501163
Cauc,full_siblings,13,36,59.576873733511235
Cauc,full_siblings,14,31,62.88973618596561
Cauc,full_siblings,15,30,52.347295753179864
Cauc,full_siblings,16,35,59.23059339788526
Cauc,full_siblings,17,29,57.10317673272165
Cauc,full_siblings,18,31,63.02400656888029
Cauc,full_siblings,19,30,61.57155573308047
Cauc,full_siblings,20,30,62.39334038267327
Cauc,full_siblings,21,29,63.330132777203616
Cauc,full_siblings,22,38,56.484271253899536
Cauc,full_siblings,23,37,68.29466458502412
Cauc,full_siblings,24,35,62.56205633191982
Cauc,full_siblings,25,30,61.28943903175648
Cauc,full_siblings,26,31,68.79691591424874
Cauc,full_siblings,27,40,65.27551671286487
Cauc,full_siblings,28,37,63.00931995130089
Cauc,full_siblings,29,30,61.41612294403489
Cauc,full_siblings,30,34,64.45356258225983
Cauc,full_siblings,31,29,63.020981867159634
Cauc,full_siblings,32,31,56.28722341177558
Cauc,full_siblings,33,27,58.99631406880043
Cauc,full_siblings,34,37,63.57059315622703
Cauc,full_siblings,35,33,57.52582780858323
Cauc,full_siblings,36,36,61.554609476798724
Cauc,full_siblings,37,31,68.64332164749601
Cauc,full_siblings,38,28,62.30625078021833
Cauc,full_siblings,39,32,66.20097271845361
Cauc,full_siblings,40,34,65.54992846090514
Cauc,full_siblings,41,36,58.34642755661817
Cauc,full_siblings,42,38,60.43977424075987
Cauc,full_siblings,43,32,63.08836903904934
Cauc,full_siblings,44,34,58.0082428647401
Cauc,full_siblings,45,31,59.138407555056034
Cauc,full_siblings,46,38,61.06456585791954
Cauc,full_siblings,47,33,64.93552933909125
Cauc,full_siblings,48,29,62.36154386105079
Cauc,full_siblings,49,34,59.77481275103013
Cauc,full_siblings,50,40,61.462761652004005
Cauc,full_siblings,51,35,70.748907878387
Cauc,full_siblings,52,38,59.449962231332606
Cauc,full_siblings,53,38,64.97101820771306
Cauc,full_siblings,54,36,65.59776020002096
Cauc,full_siblings,55,34,54.67944904931026
Cauc,full_siblings,56,32,68.90379957217999
Cauc,full_siblings,57,38,60.246596751439924
Cauc,full_siblings,58,33,62.833219082833054
Cauc,full_siblings,59,35,68.73740318155123
Cauc,full_siblings,60,31,68.43766433814761
Cauc,full_siblings,61,29,60.689199209920524
Cauc,full_siblings,62,36,60.356061376734836
Cauc,full_siblings,63,38,61.07241602171121
Cauc,full_siblings,64,34,65.7609998330952
Cauc,full_siblings,65,33,64.16342478359748
Cauc,full_siblings,66,28,66.29808535735097
Cauc,full_siblings,67,35,59.17234782045367
Cauc,full_siblings,68,34,67.4690667377019
Cauc,full_siblings,69,35,72.59673660989785
Cauc,full_siblings,70,30,60.05319905975007
Cauc,full_siblings,71,35,59.91319680816969
Cauc,full_siblings,72,32,70.70242884720162
Cauc,full_siblings,73,35,64.45280753284938
Cauc,full_siblings,74,33,61.58900861710586
Cauc,full_siblings,75,31,58.907716924194
Cauc,full_siblings,76,34,61.092964468827915
Cauc,full_siblings,77,31,61.4663762889512
Cauc,full_siblings,78,39,66.21719326255484
Cauc,full_siblings,79,33,66.53534242470656
Cauc,full_siblings,80,37,62.99339859464135
Cauc,full_siblings,81,33,71.78978561309836
Cauc,full_siblings,82,37,63.073088543822315
Cauc,full_siblings,83,34,56.947429105062746
Cauc,full_siblings,84,37,65.27291451077298
Cauc,full_siblings,85,35,70.94574095078758
Cauc,full_siblings,86,40,65.7313990410593
Cauc,full_siblings,87,29,63.75121384477838
Cauc,full_siblings,88,31,66.22396782026249
Cauc,full_siblings,89,30,57.16423462231834
Cauc,full_siblings,90,37,63.80609425737644
Cauc,full_siblings,91,35,63.37606120776447
Cauc,full_siblings,92,39,54.17617450432095
Cauc,full_siblings,93,40,56.04810659024915
Cauc,full_siblings,94,33,70.46146790050557
Cauc,full_siblings,95,33,61.56626929224649
Cauc,full_siblings,96,32,65.33310258425624
Cauc,full_siblings,97,32,58.39426156741606
Cauc,full_siblings,98,34,63.671334389254895
Cauc,full_siblings,99,32,60.100129359769234
Cauc,full_siblings,100,36,63.64223608853896
Cauc,full_siblings,101,28,55.67680395798662
Cauc,full_siblings,102,35,60.993768339395004
Cauc,full_siblings,103,33,65.7019741634135
Cauc,full_siblings,104,32,57.54347712855293
Cauc,full_siblings,105,33,57.569333140744114
Cauc,full_siblings,106,32,65.43361853504288
Cauc,full_siblings,107,34,60.15786754532712
Cauc,full_siblings,108,33,58.30053666331804
Cauc,full_siblings,109,27,58.65300454801274
Cauc,full_siblings,110,32,66.64484211944139
Cauc,full_siblings,111,31,59.62373333555087
Cauc,full_siblings,112,35,57.03875642301373
Cauc,full_siblings,113,37,63.924556057939824
Cauc,full_siblings,114,41,62.52024308889104
Cauc,full_siblings,115,34,58.22418642049995
Cauc,full_siblings,116,37,62.87292585630705
Cauc,full_siblings,117,33,63.52354324162831
Cauc,full_siblings,118,35,71.92050604522535
Cauc,full_siblings,119,35,63.15292608676584
Cauc,full_siblings,120,29,70.87001648192916
Cauc,full_siblings,121,35,64.33969131772179
Cauc,full_siblings,122,32,59.46665409082339
Cauc,full_siblings,123,26,64.37275801819176
Cauc,full_siblings,124,35,64.3354564942816
Cauc,full_siblings,125,29,61.67658098139944
Cauc,full_siblings,126,37,58.9009728048442
Cauc,full_siblings,127,41,59.69924935752233
Cauc,full_siblings,128,34,68.72673146691106
Cauc,full_siblings,129,32,52.47270957031699
Cauc,full_siblings,130,35,59.445919036912166
Cauc,full_siblings,131,34,65.0087444399529
Cauc,full_siblings,132,31,62.466153772131385
Cauc,full_siblings,133,34,60.617841947908374
Cauc,full_siblings,134,34,62.706069971086336
Cauc,full_siblings,135,33,59.4832089068859
Cauc,full_siblings,136,36,60.810533075121725
Cauc,full_siblings,137,31,62.87574707054996
Cauc,full_siblings,138,30,58.68606164129868
Cauc,full_siblings,139,38,65.04915670901804
Cauc,full_siblings,140,33,64.53776419655286
Cauc,full_siblings,141,34,56.32397030240609
Cauc,full_siblings,142,38,65.4174207234758
Cauc,full_siblings,143,38,62.0509799306695
Cauc,full_siblings,144,31,61.1453776944565
Cauc,full_siblings,145,35,59.081879963186516
Cauc,full_siblings,146,31,63.26332107396888
Cauc,full_siblings,147,31,61.66794096697143
Cauc,full_siblings,148,31,67.385329032772475
Cauc,full_siblings,149,33,58.955507895227434
Cauc,full_siblings,150,29,56.73908545942867
Cauc,full_siblings,151,31,66.7589869604155
Cauc,full_siblings,152,26,62.274413053582194
Cauc,full_siblings,153,33,59.534745409797814
Cauc,full_siblings,154,35,60.034938654071404
Cauc,full_siblings,155,33,66.7333954579034
Cauc,full_siblings,156,36,59.67100052445523
Cauc,full_siblings,157,36,61.805511188873716
Cauc,full_siblings,158,36,71.86477851237652
Cauc,full_siblings,159,31,59.24066339848961
Cauc,full_siblings,160,36,59.36629508711867
Cauc,full_siblings,161,22,67.45537446192887
Cauc,full_siblings,162,37,65.09751806869808
Cauc,full_siblings,163,31,56.58736956467127
Cauc,full_siblings,164,31,62.27090265108339
Cauc,full_siblings,165,39,57.794668182016906
Cauc,full_siblings,166,33,61.19125715977535
Cauc,full_siblings,167,37,74.08060583727182
Cauc,full_siblings,168,29,70.88405776163174
Cauc,full_siblings,169,28,59.76892684570674
Cauc,full_siblings,170,37,59.344646908953294
Cauc,full_siblings,171,32,59.49598271102708
Cauc,full_siblings,172,35,59.38604900325185
Cauc,full_siblings,173,35,64.93207078924168
Cauc,full_siblings,174,37,57.121563747542886
Cauc,full_siblings,175,36,64.54977910558198
Cauc,full_siblings,176,38,71.3147304142832
Cauc,full_siblings,177,33,59.375691385127936
Cauc,full_siblings,178,33,64.40511863856784
Cauc,full_siblings,179,35,72.23837009437658
Cauc,full_siblings,180,38,63.67269850715479
Cauc,full_siblings,181,33,61.635170955196195
Cauc,full_siblings,182,34,64.34074992505954
Cauc,full_siblings,183,31,59.451232551569795
Cauc,full_siblings,184,31,63.730779421069755
Cauc,full_siblings,185,40,63.84327547956258
Cauc,full_siblings,186,30,62.160045477060514
Cauc,full_siblings,187,28,58.821328134527704
Cauc,full_siblings,188,34,69.36436704608757
Cauc,full_siblings,189,31,64.60650420885572
Cauc,full_siblings,190,32,63.64321189707329
Cauc,full_siblings,191,29,65.70304905882305
Cauc,full_siblings,192,38,57.87003138444193
Cauc,full_siblings,193,32,60.080086648379044
Cauc,full_siblings,194,31,64.65084644387869
Cauc,full_siblings,195,34,64.78389769800752
Cauc,full_siblings,196,37,72.47852618805376
Cauc,full_siblings,197,26,61.531851689476774
Cauc,full_siblings,198,37,63.33799726753963
Cauc,full_siblings,199,30,60.75120795253751
Cauc,full_siblings,200,36,59.09049645989515
Cauc,full_siblings,201,37,61.11919682444605
Cauc,full_siblings,202,33,61.45721043359018
Cauc,full_siblings,203,27,67.80442691429796
Cauc,full_siblings,204,37,56.932327993673184
Cauc,full_siblings,205,33,63.530656832992655
Cauc,full_siblings,206,31,66.60971077100359
Cauc,full_siblings,207,33,61.890247173285175
Cauc,full_siblings,208,36,61.2162992478399
Cauc,full_siblings,209,31,64.12501186293909
Cauc,full_siblings,210,34,69.56373634601539
Cauc,full_siblings,211,39,68.08117573661337
Cauc,full_siblings,212,35,65.95830709106681
Cauc,full_siblings,213,32,58.67084651676199
Cauc,full_siblings,214,33,61.708472536138785
Cauc,full_siblings,215,34,57.309840052955124
Cauc,full_siblings,216,31,75.10683000919943
Cauc,full_siblings,217,31,69.12828670942437
Cauc,full_siblings,218,33,65.04684035168052
Cauc,full_siblings,219,35,58.609798356138
Cauc,full_siblings,220,36,62.79428697586195
Cauc,full_siblings,221,31,62.84546287059078
Cauc,full_siblings,222,37,63.732512999338645
Cauc,full_siblings,223,35,59.161323646912074
Cauc,full_siblings,224,37,57.376424873064664
Cauc,full_siblings,225,35,59.17616591795979
Cauc,full_siblings,226,36,59.641162374770964
Cauc,full_siblings,227,34,61.261569317345995
Cauc,full_siblings,228,35,56.669284979909634
Cauc,full_siblings,229,32,57.85481542966062
Cauc,full_siblings,230,33,58.56546088472833
Cauc,full_siblings,231,38,68.38981430370008
Cauc,full_siblings,232,33,55.34972082876939
Cauc,full_siblings,233,45,58.486574518383456
Cauc,full_siblings,234,37,61.753321029556545
Cauc,full_siblings,235,37,55.750910843507874
Cauc,full_siblings,236,35,70.44253303454366
Cauc,full_siblings,237,33,66.51171032364613
Cauc,full_siblings,238,39,60.4514929614724
Cauc,full_siblings,239,32,53.40495999006734
Cauc,full_siblings,240,33,60.60508670922963
Cauc,full_siblings,241,35,62.98110855549905
Cauc,full_siblings,242,30,65.38540814205018
Cauc,full_siblings,243,34,65.08887965820966
Cauc,full_siblings,244,34,63.89883954726966
Cauc,full_siblings,245,31,56.6857843185037
Cauc,full_siblings,246,25,62.4814910469685
Cauc,full_siblings,247,31,58.05223454697504
Cauc,full_siblings,248,35,64.43727070641788
Cauc,full_siblings,249,34,78.49226868649285
Cauc,full_siblings,250,31,62.26194685142123
Cauc,full_siblings,251,35,60.5870639396588
Cauc,full_siblings,252,30,62.18713870830709
Cauc,full_siblings,253,26,63.20013807819818
Cauc,full_siblings,254,35,59.499207066110465
Cauc,full_siblings,255,29,62.87788268855714
Cauc,full_siblings,256,30,62.11546653218822
Cauc,full_siblings,257,30,60.30987837796214
Cauc,full_siblings,258,33,64.49883159070681
Cauc,full_siblings,259,32,67.10841428330167
Cauc,full_siblings,260,28,59.15297679327969
Cauc,full_siblings,261,35,58.868231664457625
Cauc,full_siblings,262,29,68.36053130697876
Cauc,full_siblings,263,39,61.60801190421502
Cauc,full_siblings,264,39,67.84633569152561
Cauc,full_siblings,265,31,66.30039791488625
Cauc,full_siblings,266,33,65.4999922689108
Cauc,full_siblings,267,28,67.45812960192409
Cauc,full_siblings,268,35,68.64668721442999
Cauc,full_siblings,269,31,57.45049490014464
Cauc,full_siblings,270,40,64.78131203732659
Cauc,full_siblings,271,33,65.39763480154464
Cauc,full_siblings,272,32,61.489747985155645
Cauc,full_siblings,273,22,60.61768981835371
Cauc,full_siblings,274,38,56.570030470674574
Cauc,full_siblings,275,35,68.42822030091804
Cauc,full_siblings,276,37,65.05494121729231
Cauc,full_siblings,277,32,57.068030366377016
Cauc,full_siblings,278,37,58.66922224830444
Cauc,full_siblings,279,38,64.52849751328138
Cauc,full_siblings,280,27,55.629937267455524
Cauc,full_siblings,281,31,62.166317143303594
Cauc,full_siblings,282,30,61.52473871679993
Cauc,full_siblings,283,36,60.729853517588374
Cauc,full_siblings,284,39,63.612312312007276
Cauc,full_siblings,285,38,59.309439021546495
Cauc,full_siblings,286,34,60.633350415045214
Cauc,full_siblings,287,31,57.12956978448988
Cauc,full_siblings,288,36,58.19786039811196
Cauc,full_siblings,289,32,59.770113034687455
Cauc,full_siblings,290,40,61.66789984500702
Cauc,full_siblings,291,40,71.36261851097228
Cauc,full_siblings,292,30,57.639058530636994
Cauc,full_siblings,293,35,62.94227280554279
Cauc,full_siblings,294,39,62.049120822396965
Cauc,full_siblings,295,39,66.1441958424714
Cauc,full_siblings,296,30,65.14816682611419
Cauc,full_siblings,297,32,61.11398438512292
Cauc,full_siblings,298,27,61.396722752647975
Cauc,full_siblings,299,37,59.68546661285473
Cauc,full_siblings,300,33,64.53705976479314
Cauc,full_siblings,301,40,57.50116165102689
Cauc,full_siblings,302,33,70.9991553061427
Cauc,full_siblings,303,35,58.780311594897
Cauc,full_siblings,304,34,58.07212736060482
Cauc,full_siblings,305,38,60.241183524602235
Cauc,full_siblings,306,36,61.70172727124675
Cauc,full_siblings,307,35,63.90659562859754
Cauc,full_siblings,308,30,56.735052721318965
Cauc,full_siblings,309,32,66.11683506505284
Cauc,full_siblings,310,33,57.513259263853975
Cauc,full_siblings,311,32,62.89731034272952
Cauc,full_siblings,312,36,73.13122512296864
Cauc,full_siblings,313,40,58.075829384969175
Cauc,full_siblings,314,37,61.73226675214038
Cauc,full_siblings,315,31,69.44309786853998
Cauc,full_siblings,316,37,67.61136670172456
Cauc,full_siblings,317,34,63.01783962134605
Cauc,full_siblings,318,34,66.9494189058814
Cauc,full_siblings,319,35,59.75760507718016
Cauc,full_siblings,320,31,63.22395034399259
Cauc,full_siblings,321,45,62.21397532641908
Cauc,full_siblings,322,33,67.92046825764074
Cauc,full_siblings,323,30,61.0583202811178
Cauc,full_siblings,324,41,68.33489642634694
Cauc,full_siblings,325,29,65.77604267337448
Cauc,full_siblings,326,36,58.16487246809064
Cauc,full_siblings,327,31,67.41249557173276
Cauc,full_siblings,328,40,55.99451535989488
Cauc,full_siblings,329,28,62.60668870394739
Cauc,full_siblings,330,33,64.68552192851934
Cauc,full_siblings,331,29,57.12691661344251
Cauc,full_siblings,332,33,67.17445705722574
Cauc,full_siblings,333,33,62.92053897866319
Cauc,full_siblings,334,37,57.96047701616173
Cauc,full_siblings,335,30,53.750395142714424
Cauc,full_siblings,336,33,63.80947345863578
Cauc,full_siblings,337,32,68.07882833939695
Cauc,full_siblings,338,33,62.79681283371115
Cauc,full_siblings,339,37,62.5300110310008
Cauc,full_siblings,340,39,62.314393978226555
Cauc,full_siblings,341,33,61.06572382708147
Cauc,full_siblings,342,38,70.87058752219237
Cauc,full_siblings,343,31,58.742983565420786
Cauc,full_siblings,344,38,65.45724163110305
Cauc,full_siblings,345,27,63.60376855000256
Cauc,full_siblings,346,34,63.115836674301306
Cauc,full_siblings,347,30,64.1481151130336
Cauc,full_siblings,348,30,59.18885335791072
Cauc,full_siblings,349,35,59.16117058259523
Cauc,full_siblings,350,33,62.62852352429077
Cauc,full_siblings,351,35,66.4917929557324
Cauc,full_siblings,352,36,58.428345689583324
Cauc,full_siblings,353,27,59.54372474919608
Cauc,full_siblings,354,32,64.90228215202858
Cauc,full_siblings,355,28,67.54914349888921
Cauc,full_siblings,356,29,66.59696864048263
Cauc,full_siblings,357,32,65.03881710249821
Cauc,full_siblings,358,39,65.88939334336432
Cauc,full_siblings,359,32,59.715519009234576
Cauc,full_siblings,360,33,64.96035017239093
Cauc,full_siblings,361,34,66.5509734117511
Cauc,full_siblings,362,37,60.39821908176515
Cauc,full_siblings,363,34,54.53622257031616
Cauc,full_siblings,364,32,55.29940711851816
Cauc,full_siblings,365,32,64.00344523235219
Cauc,full_siblings,366,35,61.436223915353295
Cauc,full_siblings,367,30,68.51600500495913
Cauc,full_siblings,368,31,57.98696641293918
Cauc,full_siblings,369,34,59.32666612778084
Cauc,full_siblings,370,34,67.48706669915974
Cauc,full_siblings,371,36,66.40590503064087
Cauc,full_siblings,372,35,62.137677018285494
Cauc,full_siblings,373,35,54.38009070020486
Cauc,full_siblings,374,38,58.53926582294825
Cauc,full_siblings,375,31,66.40241115312345
Cauc,full_siblings,376,31,63.04868336913701
Cauc,full_siblings,377,34,66.33523946074824
Cauc,full_siblings,378,35,58.141832610720186
Cauc,full_siblings,379,30,61.92324162807252
Cauc,full_siblings,380,30,80.10522666951408
Cauc,full_siblings,381,28,63.39755347791914
Cauc,full_siblings,382,32,64.0866358396229
Cauc,full_siblings,383,39,57.8820301447359
Cauc,full_siblings,384,27,63.29616705556556
Cauc,full_siblings,385,31,62.67814416677471
Cauc,full_siblings,386,40,66.04290449376535
Cauc,full_siblings,387,36,62.36226754351316
Cauc,full_siblings,388,30,59.906818269664036
Cauc,full_siblings,389,33,59.041659383109305
Cauc,full_siblings,390,33,52.77341222138613
Cauc,full_siblings,391,26,56.55822905633288
Cauc,full_siblings,392,40,68.41848778125778
Cauc,full_siblings,393,33,64.51035281655875
Cauc,full_siblings,394,30,64.65395203789733
Cauc,full_siblings,395,31,59.801426896640365
Cauc,full_siblings,396,33,54.82382303278319
Cauc,full_siblings,397,31,61.72033730228979
Cauc,full_siblings,398,31,63.33745613800584
Cauc,full_siblings,399,34,62.66529993611918
Cauc,full_siblings,400,32,56.81980655104347
Cauc,full_siblings,401,37,58.12994219185166
Cauc,full_siblings,402,32,61.67157738756433
Cauc,full_siblings,403,33,59.55550546288214
Cauc,full_siblings,404,33,66.04797901932886
Cauc,full_siblings,405,40,58.555196809462394
Cauc,full_siblings,406,32,60.20826821136571
Cauc,full_siblings,407,30,60.90061616011566
Cauc,full_siblings,408,34,67.81829124498594
Cauc,full_siblings,409,34,67.67104416623823
Cauc,full_siblings,410,30,67.76738533824131
Cauc,full_siblings,411,35,60.6763315285836
Cauc,full_siblings,412,35,62.867594612352185
Cauc,full_siblings,413,31,60.52520720329744
Cauc,full_siblings,414,28,61.47763919724407
Cauc,full_siblings,415,33,57.34984978230198
Cauc,full_siblings,416,39,67.85492283907125
Cauc,full_siblings,417,34,66.24134889892878
Cauc,full_siblings,418,31,63.358524784432845
Cauc,full_siblings,419,32,64.51165280040443
Cauc,full_siblings,420,34,66.07036617125125
Cauc,full_siblings,421,36,64.36201182828708
Cauc,full_siblings,422,39,62.31760635903864
Cauc,full_siblings,423,31,61.77395025299884
Cauc,full_siblings,424,35,61.43728419325723
Cauc,full_siblings,425,37,56.16422325304656
Cauc,full_siblings,426,33,64.42294106176979
Cauc,full_siblings,427,32,58.859152099190524
Cauc,full_siblings,428,31,57.60186238481808
Cauc,full_siblings,429,34,66.22083356500704
Cauc,full_siblings,430,31,65.34226030538994
Cauc,full_siblings,431,35,56.021698853441855
Cauc,full_siblings,432,37,65.13513935833306
Cauc,full_siblings,433,33,75.85957750200676
Cauc,full_siblings,434,32,66.01090545126219
Cauc,full_siblings,435,32,61.34508156900545
Cauc,full_siblings,436,32,65.688072385641
Cauc,full_siblings,437,30,56.669952637005984
Cauc,full_siblings,438,37,60.02760403417588
Cauc,full_siblings,439,31,57.16623101938889
Cauc,full_siblings,440,32,72.59774471265084
Cauc,full_siblings,441,37,62.74475798426908
Cauc,full_siblings,442,33,62.384422974871775
Cauc,full_siblings,443,29,61.06272909884997
Cauc,full_siblings,444,34,64.04866275010441
Cauc,full_siblings,445,36,62.60647784979281
Cauc,full_siblings,446,37,63.5278570990331
Cauc,full_siblings,447,37,63.16692911043061
Cauc,full_siblings,448,31,64.75374563696201
Cauc,full_siblings,449,32,59.120007445030474
Cauc,full_siblings,450,34,61.6855244625966
Cauc,full_siblings,451,37,65.49504558555411
Cauc,full_siblings,452,32,65.49706131978365
Cauc,full_siblings,453,33,60.674202873812256
Cauc,full_siblings,454,31,61.3827720940817
Cauc,full_siblings,455,36,58.91187617170327
Cauc,full_siblings,456,42,61.681466892340325
Cauc,full_siblings,457,28,61.081857687389864
Cauc,full_siblings,458,33,60.992394770638384
Cauc,full_siblings,459,34,61.57903032224296
Cauc,full_siblings,460,31,62.849784751833035
Cauc,full_siblings,461,40,59.81377693306144
Cauc,full_siblings,462,38,56.909491591882315
Cauc,full_siblings,463,33,59.521636428615416
Cauc,full_siblings,464,30,62.45504472031042
Cauc,full_siblings,465,33,60.39566696849382
Cauc,full_siblings,466,30,63.24404540636197
Cauc,full_siblings,467,31,62.46618880476846
Cauc,full_siblings,468,39,54.642009241975124
Cauc,full_siblings,469,36,62.53547815374506
Cauc,full_siblings,470,32,60.413636031434095
Cauc,full_siblings,471,33,71.15341610438976
Cauc,full_siblings,472,34,64.8697629984235
Cauc,full_siblings,473,30,67.67321487457387
Cauc,full_siblings,474,36,53.77799297831824
Cauc,full_siblings,475,38,59.309217997916775
Cauc,full_siblings,476,30,60.67716975225731
Cauc,full_siblings,477,37,60.69751850239931
Cauc,full_siblings,478,26,66.49819500127731
Cauc,full_siblings,479,34,62.76359115439666
Cauc,full_siblings,480,35,60.43121943546238
Cauc,full_siblings,481,30,72.60396084214057
Cauc,full_siblings,482,33,60.63337688805105
Cauc,full_siblings,483,36,60.74891300486193
Cauc,full_siblings,484,40,63.69266406441568
Cauc,full_siblings,485,36,64.17935233064186
Cauc,full_siblings,486,40,67.18606332494153
Cauc,full_siblings,487,34,73.44251814394033
Cauc,full_siblings,488,33,59.04086104098644
Cauc,full_siblings,489,27,65.4633668871829
Cauc,full_siblings,490,29,61.5557617998577
Cauc,full_siblings,491,32,63.73538190756936
Cauc,full_siblings,492,36,66.3273220783301
Cauc,full_siblings,493,32,62.54267053694821
Cauc,full_siblings,494,30,66.61157316888047
Cauc,full_siblings,495,34,61.022559326268784
Cauc,full_siblings,496,33,63.471250354075494
Cauc,full_siblings,497,30,58.84932618336535
Cauc,full_siblings,498,35,59.97219938181556
Cauc,full_siblings,499,35,56.570897843502834
Cauc,full_siblings,500,32,64.3045893126982
Cauc,half_siblings,1,24,27.110384355741814
Cauc,half_siblings,2,28,28.094493242086543
Cauc,half_siblings,3,32,29.744207294046785
Cauc,half_siblings,4,21,20.98826391711747
Cauc,half_siblings,5,26,20.80849610650376
Cauc,half_siblings,6,24,20.447251458019363
Cauc,half_siblings,7,28,22.349626984897107
Cauc,half_siblings,8,24,23.599600112574276
Cauc,half_siblings,9,23,18.456207630346842
Cauc,half_siblings,10,28,35.941226982719364
Cauc,half_siblings,11,31,28.160452105951464
Cauc,half_siblings,12,22,17.365896506709717
Cauc,half_siblings,13,29,30.893214503891485
Cauc,half_siblings,14,23,21.614563467803514
Cauc,half_siblings,15,23,35.770163213758394
Cauc,half_siblings,16,24,16.209249153124855
Cauc,half_siblings,17,22,32.526357603295224
Cauc,half_siblings,18,24,18.764605079109213
Cauc,half_siblings,19,27,17.989488265894405
Cauc,half_siblings,20,25,21.16490246470282
Cauc,half_siblings,21,23,28.59744527460837
Cauc,half_siblings,22,22,22.144897251654257
Cauc,half_siblings,23,24,18.866782226427407
Cauc,half_siblings,24,24,16.89596634158339
Cauc,half_siblings,25,23,23.575431909971613
Cauc,half_siblings,26,23,16.376102598081708
Cauc,half_siblings,27,28,30.843956941138444
Cauc,half_siblings,28,27,31.29250597464406
Cauc,half_siblings,29,25,20.826495157444636
Cauc,half_siblings,30,23,20.74259907273375
Cauc,half_siblings,31,26,33.057077918774745
Cauc,half_siblings,32,24,19.70680489635048
Cauc,half_siblings,33,26,24.64819562177875
Cauc,half_siblings,34,23,17.58039326177547
Cauc,half_siblings,35,31,31.45947604142068
Cauc,half_siblings,36,28,25.08348966565352
Cauc,half_siblings,37,23,29.09972895871866
Cauc,half_siblings,38,23,21.612408504850702
Cauc,half_siblings,39,19,10.52033278572136
Cauc,half_siblings,40,24,22.39807424827631
Cauc,half_siblings,41,29,34.07604192312449
Cauc,half_siblings,42,24,18.360620099945734
Cauc,half_siblings,43,23,23.121222372791475
Cauc,half_siblings,44,23,25.040725753383164
Cauc,half_siblings,45,25,19.090341767109983
Cauc,half_siblings,46,26,26.407386444237105
Cauc,half_siblings,47,24,22.695190396450673
Cauc,half_siblings,48,23,18.371859984813355
Cauc,half_siblings,49,25,27.832875669543405
Cauc,half_siblings,50,24,24.921034241484236
Cauc,half_siblings,51,25,20.51503876108579
Cauc,half_siblings,52,25,22.142722464284304
Cauc,half_siblings,53,23,17.333201656633296
Cauc,half_siblings,54,24,16.174674018139108
Cauc,half_siblings,55,25,20.537500438869422
Cauc,half_siblings,56,25,21.279188794987515
Cauc,half_siblings,57,25,24.540985856728085
Cauc,half_siblings,58,27,27.086953075455202
Cauc,half_siblings,59,29,17.87170036861713
Cauc,half_siblings,60,26,21.121206101785972
Cauc,half_siblings,61,22,24.245639945472153
Cauc,half_siblings,62,23,15.635847617444293
Cauc,half_siblings,63,23,17.562390251469843
Cauc,half_siblings,64,27,25.45600111817589
Cauc,half_siblings,65,26,16.07906930502569
Cauc,half_siblings,66,22,17.670393452322756
Cauc,half_siblings,67,23,27.366064274371446
Cauc,half_siblings,68,19,14.93152874418793
Cauc,half_siblings,69,23,24.197565563806023
Cauc,half_siblings,70,26,29.106266229453823
Cauc,half_siblings,71,28,27.891331649456884
Cauc,half_siblings,72,24,23.54977473202822
Cauc,half_siblings,73,24,25.641609512421677
Cauc,half_siblings,74,30,27.648747605938304
Cauc,half_siblings,75,18,16.444660116155877
Cauc,half_siblings,76,25,21.5619620548921
Cauc,half_siblings,77,30,36.46610809228121
Cauc,half_siblings,78,23,15.197545986763044
Cauc,half_siblings,79,28,34.62852620063365
Cauc,half_siblings,80,29,23.663081278074287
Cauc,half_siblings,81,26,29.098992030425073
Cauc,half_siblings,82,22,17.23047494176391
Cauc,half_siblings,83,27,26.953092744562483
Cauc,half_siblings,84,23,24.75610664328148
Cauc,half_siblings,85,22,20.49197082647487
Cauc,half_siblings,86,25,25.50295791494542
Cauc,half_siblings,87,26,28.473231614012516
Cauc,half_siblings,88,25,22.319151331509527
Cauc,half_siblings,89,30,31.371598891457477
Cauc,half_siblings,90,19,18.52565213819018
Cauc,half_siblings,91,25,16.459558482219137
Cauc,half_siblings,92,24,23.592632858782707
Cauc,half_siblings,93,23,18.066214591543268
Cauc,half_siblings,94,27,26.537697015638678
Cauc,half_siblings,95,19,25.36076742092238
Cauc,half_siblings,96,22,16.654646749662554
Cauc,half_siblings,97,24,18.419026910370654
Cauc,half_siblings,98,26,25.41756921293112
Cauc,half_siblings,99,25,11.62865925115538
Cauc,half_siblings,100,30,28.910619291262424
Cauc,half_siblings,101,23,18.953339181001482
Cauc,half_siblings,102,21,17.326892658050088
Cauc,half_siblings,103,26,17.944720906057118
Cauc,half_siblings,104,27,25.04483594466186
Cauc,half_siblings,105,27,26.34681358929584
Cauc,half_siblings,106,25,24.453624076007245
Cauc,half_siblings,107,19,20.175268525694573
Cauc,half_siblings,108,24,28.568266772202765
Cauc,half_siblings,109,28,28.746868239074157
Cauc,half_siblings,110,28,31.157198586113864
Cauc,half_siblings,111,24,22.444301478819515
Cauc,half_siblings,112,23,23.848976343502056
Cauc,half_siblings,113,23,14.776079841251587
Cauc,half_siblings,114,21,19.022513958803597
Cauc,half_siblings,115,25,22.260746117095334
Cauc,half_siblings,116,26,20.410851459856595
Cauc,half_siblings,117,27,22.082756586031305
Cauc,half_siblings,118,33,24.31069551454172
Cauc,half_siblings,119,27,32.80585929424306
Cauc,half_siblings,120,24,21.54748709801267
Cauc,half_siblings,121,29,22.306800934975087
Cauc,half_siblings,122,22,26.492508378215796
Cauc,half_siblings,123,27,25.51523966004859
Cauc,half_siblings,124,24,15.818086588352488
Cauc,half_siblings,125,26,23.27602560028707
Cauc,half_siblings,126,23,22.071276953305798
Cauc,half_siblings,127,23,17.95493898220371
Cauc,half_siblings,128,25,23.552767376393426
Cauc,half_siblings,129,26,25.03157714793924
Cauc,half_siblings,130,22,25.259230445678426
Cauc,half_siblings,131,27,23.211511716529053
Cauc,half_siblings,132,29,28.155627302556354
Cauc,half_siblings,133,18,14.249857158434223
Cauc,half_siblings,134,25,27.377061422554366
Cauc,half_siblings,135,25,25.069073936824086
Cauc,half_siblings,136,22,19.01665888692851
Cauc,half_siblings,137,25,14.97720087452958
Cauc,half_siblings,138,27,25.781984550775338
Cauc,half_siblings,139,30,21.010819389096905
Cauc,half_siblings,140,29,25.540521812422085
Cauc,half_siblings,141,23,21.32304880707214
Cauc,half_siblings,142,22,22.096891339157658
Cauc,half_siblings,143,29,30.438377871861825
Cauc,half_siblings,144,27,24.072728049112733
Cauc,half_siblings,145,20,19.07456398118224
Cauc,half_siblings,146,24,24.318792568545188
Cauc,half_siblings,147,31,31.054981077957617
Cauc,half_siblings,148,28,23.5060813213783
Cauc,half_siblings,149,23,21.312684577486948
Cauc,half_siblings,150,17,12.971178988885654
Cauc,half_siblings,151,22,18.98200637338567
Cauc,half_siblings,152,29,28.781897985249998
Cauc,half_siblings,153,25,21.22701600915348
Cauc,half_siblings,154,21,18.408394687031283
Cauc,half_siblings,155,25,24.284395733689607
Cauc,half_siblings,156,26,28.885105537194693
Cauc,half_siblings,157,30,30.4952911457782
Cauc,half_siblings,158,22,14.101721861870939
Cauc,half_siblings,159,23,20.13975720381913
Cauc,half_siblings,160,34,25.498614660156232
Cauc,half_siblings,161,24,24.770036098191753
Cauc,half_siblings,162,26,29.02061809743111
Cauc,half_siblings,163,26,23.705418852190537
Cauc,half_siblings,164,27,25.052150493487456
Cauc,half_siblings,165,21,15.88538925318543
Cauc,half_siblings,166,21,18.459084184897748
Cauc,half_siblings,167,23,26.65849884947404
Cauc,half_siblings,168,25,24.888065509355716
Cauc,half_siblings,169,23,17.807296032527567
Cauc,half_siblings,170,26,27.496423881109823
Cauc,half_siblings,171,31,38.958616123225376
Cauc,half_siblings,172,27,30.23895330692293
Cauc,half_siblings,173,27,30.28534983013037
Cauc,half_siblings,174,32,27.427508303090622
Cauc,half_siblings,175,22,15.756925826470006
Cauc,half_siblings,176,20,17.89091468755775
Cauc,half_siblings,177,23,15.28957514573326
Cauc,half_siblings,178,27,26.947054819682137
Cauc,half_siblings,179,33,22.155046335348114
Cauc,half_siblings,180,26,22.98060007383658
Cauc,half_siblings,181,27,23.868414019941017
Cauc,half_siblings,182,24,22.242590493586732
Cauc,half_siblings,183,27,30.43594728487172
Cauc,half_siblings,184,26,18.279157222642198
Cauc,half_siblings,185,25,20.52382809231225
Cauc,half_siblings,186,24,22.32425785806433
Cauc,half_siblings,187,28,33.61443773919911
Cauc,half_siblings,188,21,18.704657491956407
Cauc,half_siblings,189,28,28.350888702332114
Cauc,half_siblings,190,26,26.952102966288713
Cauc,half_siblings,191,20,12.844366040884324
Cauc,half_siblings,192,19,11.444052454654527
Cauc,half_siblings,193,27,32.96374338988809
Cauc,half_siblings,194,24,21.15175583049126
Cauc,half_siblings,195,26,31.69843000547113
Cauc,half_siblings,196,27,30.968720530629348
Cauc,half_siblings,197,23,16.680704450759148
Cauc,half_siblings,198,20,16.165026258063072
Cauc,half_siblings,199,26,29.63013041075064
Cauc,half_siblings,200,28,22.216987481721993
Cauc,half_siblings,201,28,29.716726378350963
Cauc,half_siblings,202,27,18.89073120972682
Cauc,half_siblings,203,27,22.583498824359953
Cauc,half_siblings,204,29,30.52182847391519
Cauc,half_siblings,205,26,19.560527863781612
Cauc,half_siblings,206,31,27.080730023003664
Cauc,half_siblings,207,27,35.61746266024035
Cauc,half_siblings,208,31,34.9341330551978
Cauc,half_siblings,209,26,26.718351481237125
Cauc,half_siblings,210,26,19.25975580590225
Cauc,half_siblings,211,26,22.31334378156029
Cauc,half_siblings,212,23,16.115864241131842
Cauc,half_siblings,213,25,24.339242862451677
Cauc,half_siblings,214,29,25.3166394293968
Cauc,half_siblings,215,22,19.748273124352263
Cauc,half_siblings,216,25,22.830096958673703
Cauc,half_siblings,217,29,24.7594990290646
Cauc,half_siblings,218,23,22.468226304709628
Cauc,half_siblings,219,24,16.03198310603501
Cauc,half_siblings,220,31,27.427212002917116
Cauc,half_siblings,221,29,28.52006594230667
Cauc,half_siblings,222,28,32.8687763054123
Cauc,half_siblings,223,28,24.310207538163628
Cauc,half_siblings,224,22,23.00110446961273
Cauc,half_siblings,225,23,24.816597269893073
Cauc,half_siblings,226,27,35.35276461301874
Cauc,half_siblings,227,23,22.039965748057536
Cauc,half_siblings,228,28,34.39630309096219
Cauc,half_siblings,229,26,24.951531634910292
Cauc,half_siblings,230,24,22.82763221760106
Cauc,half_siblings,231,26,21.08311769028135
Cauc,half_siblings,232,29,27.620860726566953
Cauc,half_siblings,233,25,24.142508185351364
Cauc,half_siblings,234,29,26.758424078371583
Cauc,half_siblings,235,25,19.131128648105804
Cauc,half_siblings,236,27,28.143709369573205
Cauc,half_siblings,237,26,28.436821663499074
Cauc,half_siblings,238,22,24.299373476650366
Cauc,half_siblings,239,26,30.595391520347636
Cauc,half_siblings,240,21,20.060354008256745
Cauc,half_siblings,241,27,24.05878423890354
Cauc,half_siblings,242,26,27.943371110365664
Cauc,half_siblings,243,23,23.234685733985014
Cauc,half_siblings,244,25,29.986421719092075
Cauc,half_siblings,245,26,21.77837405636301
Cauc,half_siblings,246,21,17.685183506503527
Cauc,half_siblings,247,29,29.29274800684608
Cauc,half_siblings,248,22,20.937227990225594
Cauc,half_siblings,249,28,24.151772175061858
Cauc,half_siblings,250,19,15.690913006354648
Cauc,half_siblings,251,22,13.038929538076518
Cauc,half_siblings,252,22,18.763074478801897
Cauc,half_siblings,253,20,16.688394947247946
Cauc,half_siblings,254,27,21.528246031853218
Cauc,half_siblings,255,17,10.647738931271018
Cauc,half_siblings,256,22,18.902818634067724
Cauc,half_siblings,257,27,13.93285689658473
Cauc,half_siblings,258,25,22.602130983092277
Cauc,half_siblings,259,30,24.33836689783608
Cauc,half_siblings,260,26,18.33025235042622
Cauc,half_siblings,261,26,18.56493397039006
Cauc,half_siblings,262,24,17.001664487137297
Cauc,half_siblings,263,27,32.84173807979187
Cauc,half_siblings,264,29,33.01522432772078
Cauc,half_siblings,265,31,34.4776933605602
Cauc,half_siblings,266,27,24.101370602338562
Cauc,half_siblings,267,29,27.47276604667246
Cauc,half_siblings,268,31,28.761693129595255
Cauc,half_siblings,269,27,23.37097091626997
Cauc,half_siblings,270,19,11.508564446329185
Cauc,half_siblings,271,29,30.6124141499267
Cauc,half_siblings,272,22,13.550904023616868
Cauc,half_siblings,273,29,26.918087081960454
Cauc,half_siblings,274,23,24.02036285278393
Cauc,half_siblings,275,27,22.827698993126226
Cauc,half_siblings,276,24,22.658428740610155
Cauc,half_siblings,277,20,15.81908887573063
Cauc,half_siblings,278,22,24.229908829079548
Cauc,half_siblings,279,26,24.646555842269244
Cauc,half_siblings,280,26,34.81584629136025
Cauc,half_siblings,281,23,18.411045264420594
Cauc,half_siblings,282,32,21.03259655274909
Cauc,half_siblings,283,27,26.411356900715127
Cauc,half_siblings,284,24,29.701668699199836
Cauc,half_siblings,285,31,31.41678486058898
Cauc,half_siblings,286,19,14.487095243491746
Cauc,half_siblings,287,20,16.248361913750188
Cauc,half_siblings,288,24,22.46351631658622
Cauc,half_siblings,289,30,18.955228047122656
Cauc,half_siblings,290,24,17.450237708042337
Cauc,half_siblings,291,22,30.57341448844572
Cauc,half_siblings,292,25,27.99399332509521
Cauc,half_siblings,293,25,29.014432961646555
Cauc,half_siblings,294,27,20.548644841818362
Cauc,half_siblings,295,28,28.76515801177615
Cauc,half_siblings,296,22,23.659822640576305
Cauc,half_siblings,297,26,18.87067682539692
Cauc,half_siblings,298,24,15.259431091575086
Cauc,half_siblings,299,23,25.69347583618079
Cauc,half_siblings,300,23,18.107056497470328
Cauc,half_siblings,301,32,34.662780973410456
Cauc,half_siblings,302,24,22.37945259412968
Cauc,half_siblings,303,25,24.487481410621776
Cauc,half_siblings,304,31,35.17050547016041
Cauc,half_siblings,305,26,21.32477323094877
Cauc,half_siblings,306,22,19.123708412335
Cauc,half_siblings,307,22,26.524368746532563
Cauc,half_siblings,308,26,15.465223434348784
Cauc,half_siblings,309,22,16.05105567210418
Cauc,half_siblings,310,24,19.987042567511512
Cauc,half_siblings,311,24,19.152165209164064
Cauc,half_siblings,312,23,14.977107373868655
Cauc,half_siblings,313,24,14.576974226915706
Cauc,half_siblings,314,26,32.190449808141146
Cauc,half_siblings,315,22,24.423594873494743
Cauc,half_siblings,316,25,26.11906309457621
Cauc,half_siblings,317,24,24.955867629686725
Cauc,half_siblings,318,28,32.540037633354316
Cauc,half_siblings,319,27,34.08081251474639
Cauc,half_siblings,320,25,24.140686607955377
Cauc,half_siblings,321,28,24.424599490436115
Cauc,half_siblings,322,24,17.31206325781751
Cauc,half_siblings,323,20,7.256372913127857
Cauc,half_siblings,324,26,25.488545460845472
Cauc,half_siblings,325,30,22.979305030111437
Cauc,half_siblings,326,23,24.30167016484845
Cauc,half_siblings,327,26,31.297552572507254
Cauc,half_siblings,328,26,19.305378706701728
Cauc,half_siblings,329,27,24.644886514172008
Cauc,half_siblings,330,29,26.17213147774088
Cauc,half_siblings,331,27,21.960133754307012
Cauc,half_siblings,332,26,26.895749816769673
Cauc,half_siblings,333,24,21.94180808143039
Cauc,half_siblings,334,27,23.695872545780034
Cauc,half_siblings,335,21,21.9435340858098
Cauc,half_siblings,336,20,15.109028644512595
Cauc,half_siblings,337,28,25.287199969571684
Cauc,half_siblings,338,25,23.475438346725724
Cauc,half_siblings,339,26,33.6331675613196
Cauc,half_siblings,340,30,33.02081407909658
Cauc,half_siblings,341,27,21.417419504303652
Cauc,half_siblings,342,23,11.338830275689087
Cauc,half_siblings,343,25,33.604228312787754
Cauc,half_siblings,344,25,19.87633066690477
Cauc,half_siblings,345,22,17.94175027201751
Cauc,half_siblings,346,29,26.429402947030272
Cauc,half_siblings,347,21,21.243555433922833
Cauc,half_siblings,348,23,22.21114293944577
Cauc,half_siblings,349,27,18.39262389823986
Cauc,half_siblings,350,24,22.99237016010564
Cauc,half_siblings,351,24,25.927660475700268
Cauc,half_siblings,352,27,30.126966494460973
Cauc,half_siblings,353,24,18.983891276737605
Cauc,half_siblings,354,24,16.001767762375376
Cauc,half_siblings,355,23,16.25226148115883
Cauc,half_siblings,356,30,27.251764256554484
Cauc,half_siblings,357,31,30.8604541745864
Cauc,half_siblings,358,29,33.93244192354811
Cauc,half_siblings,359,26,25.562901865318633
Cauc,half_siblings,360,23,22.44254334990791
Cauc,half_siblings,361,25,18.907105324174157
Cauc,half_siblings,362,29,28.562714812839097
Cauc,half_siblings,363,25,16.768106710813342
Cauc,half_siblings,364,32,29.95159981498404
Cauc,half_siblings,365,24,22.502603509998348
Cauc,half_siblings,366,24,18.243172093158417
Cauc,half_siblings,367,27,29.135789906745533
Cauc,half_siblings,368,28,25.59052765876253
Cauc,half_siblings,369,22,17.474670029426076
Cauc,half_siblings,370,30,26.635428548355478
Cauc,half_siblings,371,23,25.49435353010891
Cauc,half_siblings,372,22,18.850262475726577
Cauc,half_siblings,373,24,23.76835257298365
Cauc,half_siblings,374,22,16.560773571672314
Cauc,half_siblings,375,26,16.574607333172516
Cauc,half_siblings,376,18,11.269858813593068
Cauc,half_siblings,377,22,16.782368235677623
Cauc,half_siblings,378,25,23.119845545354497
Cauc,half_siblings,379,24,27.5881763398492
Cauc,half_siblings,380,26,25.579042432874978
Cauc,half_siblings,381,31,33.91566242329233
Cauc,half_siblings,382,29,28.902691252078203
Cauc,half_siblings,383,24,25.119987524390865
Cauc,half_siblings,384,30,17.66026204908585
Cauc,half_siblings,385,22,17.786624927482766
Cauc,half_siblings,386,22,23.05740038774985
Cauc,half_siblings,387,27,17.7086217287493
Cauc,half_siblings,388,21,14.927931266805615
Cauc,half_siblings,389,26,25.1294911005741
Cauc,half_siblings,390,25,23.76629089255575
Cauc,half_siblings,391,30,28.901718851686713
Cauc,half_siblings,392,30,30.567112718204733
Cauc,half_siblings,393,22,12.407654153092587
Cauc,half_siblings,394,26,20.791120665789645
Cauc,half_siblings,395,24,23.16736770299948
Cauc,half_siblings,396,28,28.632924536038512
Cauc,half_siblings,397,25,33.83179132280572
Cauc,half_siblings,398,27,27.784075422875553
Cauc,half_siblings,399,27,15.926603745069881
Cauc,half_siblings,400,25,31.717117393921782
Cauc,half_siblings,401,18,5.887351655244159
Cauc,half_siblings,402,20,17.016152735522454
Cauc,half_siblings,403,25,28.787441450240603
Cauc,half_siblings,404,20,15.502631722568628
Cauc,half_siblings,405,25,22.168401652626116
Cauc,half_siblings,406,22,20.675903307498587
Cauc,half_siblings,407,21,18.223235196479713
Cauc,half_siblings,408,21,12.03235335795209
Cauc,half_siblings,409,28,24.824373940720406
Cauc,half_siblings,410,16,7.760665431728515
Cauc,half_siblings,411,22,23.078868615604517
Cauc,half_siblings,412,21,14.01251466281387
Cauc,half_siblings,413,23,18.340646247402635
Cauc,half_siblings,414,28,22.42258026172273
Cauc,half_siblings,415,22,25.96688382197571
Cauc,half_siblings,416,21,9.332529076873563
Cauc,half_siblings,417,29,29.998532597468547
Cauc,half_siblings,418,23,27.532034858860385
Cauc,half_siblings,419,27,21.628995022911287
Cauc,half_siblings,420,26,32.815145055097894
Cauc,half_siblings,421,21,15.860807238427304
Cauc,half_siblings,422,22,13.909643447323413
Cauc,half_siblings,423,27,24.364023647123805
Cauc,half_siblings,424,32,33.109932697621176
Cauc,half_siblings,425,24,20.33372981442567
Cauc,half_siblings,426,25,31.150192765607052
Cauc,half_siblings,427,21,24.54178337857909
Cauc,half_siblings,428,23,26.107742257026885
Cauc,half_siblings,429,23,21.223347421244313
Cauc,half_siblings,430,24,25.7094601711446
Cauc,half_siblings,431,26,21.04893782786517
Cauc,half_siblings,432,22,19.20748799972352
Cauc,half_siblings,433,22,18.46009931340067
Cauc,half_siblings,434,28,26.26363470853083
Cauc,half_siblings,435,28,25.2415140612016
Cauc,half_siblings,436,26,29.61867403283552
Cauc,half_siblings,437,21,15.651993895658109
Cauc,half_siblings,438,24,20.586591994279733
Cauc,half_siblings,439,25,17.92292007899744
Cauc,half_siblings,440,24,24.33500206089324
Cauc,half_siblings,441,23,19.276545531376733
Cauc,half_siblings,442,28,29.136092004496916
Cauc,half_siblings,443,28,32.83313831896907
Cauc,half_siblings,444,27,26.61932058451825
Cauc,half_siblings,445,28,25.261524517793152
Cauc,half_siblings,446,21,12.425641708218969
Cauc,half_siblings,447,24,17.28212335307864
Cauc,half_siblings,448,23,18.673742267023492
Cauc,half_siblings,449,23,19.686977666124754
Cauc,half_siblings,450,27,31.72953087882309
Cauc,half_siblings,451,25,23.304179322005755
Cauc,half_siblings,452,17,10.15734843550902
Cauc,half_siblings,453,18,11.278404378212937
Cauc,half_siblings,454,28,21.87776382064157
Cauc,half_siblings,455,23,25.61661789369758
Cauc,half_siblings,456,23,20.791674499537393
Cauc,half_siblings,457,25,25.22443036926765
Cauc,half_siblings,458,19,17.830807255691617
Cauc,half_siblings,459,29,35.35492005729828
Cauc,half_siblings,460,26,22.44867777588966
Cauc,half_siblings,461,27,26.001800005042146
Cauc,half_siblings,462,26,25.34028168180543
Cauc,half_siblings,463,28,26.876312124840222
Cauc,half_siblings,464,27,23.411743133572248
Cauc,half_siblings,465,32,24.723254433331146
Cauc,half_siblings,466,26,23.787981928246214
Cauc,half_siblings,467,26,26.42585600703263
Cauc,half_siblings,468,25,22.778198179847948
Cauc,half_siblings,469,27,32.34682139925295
Cauc,half_siblings,470,19,17.721267691143726
Cauc,half_siblings,471,29,34.120236819301965
Cauc,half_siblings,472,28,28.665005260700323
Cauc,half_siblings,473,25,27.33159310458193
Cauc,half_siblings,474,24,30.66796454669565
Cauc,half_siblings,475,31,32.690806800478015
Cauc,half_siblings,476,23,19.10757480839858
Cauc,half_siblings,477,30,25.583116365614796
Cauc,half_siblings,478,26,18.387838302830705
Cauc,half_siblings,479,26,27.660651703063664
Cauc,half_siblings,480,21,23.863324020636373
Cauc,half_siblings,481,30,29.65986825474368
Cauc,half_siblings,482,23,24.49611306182271
Cauc,half_siblings,483,33,36.10236262479094
Cauc,half_siblings,484,21,18.44837785135795
Cauc,half_siblings,485,22,20.77427341535737
Cauc,half_siblings,486,25,20.05111587699299
Cauc,half_siblings,487,24,29.425820676706774
Cauc,half_siblings,488,25,22.936998691646338
Cauc,half_siblings,489,25,28.194244020070197
Cauc,half_siblings,490,27,23.594801905496787
Cauc,half_siblings,491,28,22.423813054923695
Cauc,half_siblings,492,23,21.17550976623281
Cauc,half_siblings,493,23,19.72044714089552
Cauc,half_siblings,494,29,25.64235609891021
Cauc,half_siblings,495,26,20.748813328118253
Cauc,half_siblings,496,23,14.238057309286512
Cauc,half_siblings,497,29,24.455577854008315
Cauc,half_siblings,498,24,31.432760639013278
Cauc,half_siblings,499,22,17.414692320057934
Cauc,half_siblings,500,26,23.391323901979465
Cauc,cousins,1,22,5.928262919535948
Cauc,cousins,2,19,4.618320411574778
Cauc,cousins,3,21,6.3243374198634426
Cauc,cousins,4,15,6.391289135372986
Cauc,cousins,5,15,6.365336108487632
Cauc,cousins,6,19,7.725320464416099
Cauc,cousins,7,18,6.967933077797007
Cauc,cousins,8,18,7.364434465855915
Cauc,cousins,9,23,7.4148503409290845
Cauc,cousins,10,19,5.002161395355191
Cauc,cousins,11,23,9.566022944111051
Cauc,cousins,12,20,8.324082858609085
Cauc,cousins,13,19,8.366348059482942
Cauc,cousins,14,21,6.497353283123087
Cauc,cousins,15,17,3.9147257239041204
Cauc,cousins,16,22,7.253847423265319
Cauc,cousins,17,24,8.558498807831496
Cauc,cousins,18,17,6.797298965258516
Cauc,cousins,19,20,6.584219712699552
Cauc,cousins,20,22,7.704671435920934
Cauc,cousins,21,24,8.072686423488049
Cauc,cousins,22,16,3.574949793899677
Cauc,cousins,23,16,4.4237043782334595
Cauc,cousins,24,20,6.322093764439172
Cauc,cousins,25,20,7.103737422638389
Cauc,cousins,26,14,3.201029900321894
Cauc,cousins,27,18,3.785275805401997
Cauc,cousins,28,22,7.976708851340783
Cauc,cousins,29,19,4.922198231890655
Cauc,cousins,30,16,4.596409898114985
Cauc,cousins,31,14,3.864383421016266
Cauc,cousins,32,23,6.012409590597234
Cauc,cousins,33,19,6.199918945768124
Cauc,cousins,34,21,7.775386938561319
Cauc,cousins,35,18,5.323635841564406
Cauc,cousins,36,16,4.44830177422921
Cauc,cousins,37,22,10.613023741925803
Cauc,cousins,38,16,5.753085577387164
Cauc,cousins,39,18,6.724359675323875
Cauc,cousins,40,17,8.570137520735246
Cauc,cousins,41,18,5.6771078287303816
Cauc,cousins,42,16,3.952753566488804
Cauc,cousins,43,18,6.535743203146588
Cauc,cousins,44,21,6.780182298642823
Cauc,cousins,45,19,5.380114218503721
Cauc,cousins,46,16,4.027989948874166
Cauc,cousins,47,19,4.66617170453719
Cauc,cousins,48,18,7.396775419855368
Cauc,cousins,49,20,6.306681856267928
Cauc,cousins,50,15,3.259132625166855
Cauc,cousins,51,19,5.310023409086156
Cauc,cousins,52,20,7.584845928655231
Cauc,cousins,53,23,9.428311694527805
Cauc,cousins,54,20,7.641380374033025
Cauc,cousins,55,23,7.010163195757586
Cauc,cousins,56,19,5.765687282545727
Cauc,cousins,57,22,8.691735368842233
Cauc,cousins,58,21,8.913307093691667
Cauc,cousins,59,21,6.433417107476808
Cauc,cousins,60,15,5.267428178972193
Cauc,cousins,61,25,13.055439977158091
Cauc,cousins,62,14,4.72122617215401
Cauc,cousins,63,23,8.995769052438865
Cauc,cousins,64,18,5.18669720063548
Cauc,cousins,65,17,6.513584611102491
Cauc,cousins,66,22,10.865808209344523
Cauc,cousins,67,13,4.785820058712932
Cauc,cousins,68,24,9.489941156616629
Cauc,cousins,69,15,2.6698581840837794
Cauc,cousins,70,22,8.720700690480387
Cauc,cousins,71,22,12.464567011974882
Cauc,cousins,72,21,6.996021378345164
Cauc,cousins,73,22,8.574767829971321
Cauc,cousins,74,20,3.51571030542814
Cauc,cousins,75,15,3.525207891608551
Cauc,cousins,76,20,11.166474607391699
Cauc,cousins,77,19,5.513169143834272
Cauc,cousins,78,18,6.329442194012258
Cauc,cousins,79,17,6.925629643987106
Cauc,cousins,80,20,5.283433192019954
Cauc,cousins,81,22,3.968739268668828
Cauc,cousins,82,19,6.065174963808799
Cauc,cousins,83,18,10.77370106071149
Cauc,cousins,84,21,9.632210259859876
Cauc,cousins,85,18,5.369269650786396
Cauc,cousins,86,19,4.615785948107252
Cauc,cousins,87,19,9.685288639772065
Cauc,cousins,88,20,5.656439812533197
Cauc,cousins,89,22,8.307810159914597
Cauc,cousins,90,18,7.4096631325662825
Cauc,cousins,91,18,4.371390469408331
Cauc,cousins,92,18,6.932467022858713
Cauc,cousins,93,17,6.370096767790894
Cauc,cousins,94,22,5.178426363195234
Cauc,cousins,95,18,3.8797616887121156
Cauc,cousins,96,21,8.064498100090605
Cauc,cousins,97,24,9.340521702284562
Cauc,cousins,98,14,4.35179322287445
Cauc,cousins,99,21,6.257390730264557
Cauc,cousins,100,17,2.6038647711445164
Cauc,cousins,101,18,4.8634613725006215
Cauc,cousins,102,17,5.589074617080183
Cauc,cousins,103,18,5.065719051318718
Cauc,cousins,104,24,9.636669633647548
Cauc,cousins,105,18,9.523229379275925
Cauc,cousins,106,22,5.022038086589993
Cauc,cousins,107,19,7.405785341497275
Cauc,cousins,108,21,5.631439460140567
Cauc,cousins,109,19,4.851640009471521
Cauc,cousins,110,21,7.227065029181425
Cauc,cousins,111,17,4.967683755007642
Cauc,cousins,112,19,7.208385127768314
Cauc,cousins,113,19,6.4856284350290805
Cauc,cousins,114,19,5.985209980581702
Cauc,cousins,115,23,7.273863635519592
Cauc,cousins,116,14,4.038409944720989
Cauc,cousins,117,21,7.376502978140955
Cauc,cousins,118,24,7.490547292463579
Cauc,cousins,119,21,5.92577350130029
Cauc,cousins,120,22,7.261503735538639
Cauc,cousins,121,16,6.43000747287389
Cauc,cousins,122,19,3.2844384768749966
Cauc,cousins,123,26,7.169793610108607
Cauc,cousins,124,21,8.271790798488022
Cauc,cousins,125,13,3.1833506225015116
Cauc,cousins,126,16,6.257064030396674
Cauc,cousins,127,19,7.013255198854419
Cauc,cousins,128,19,6.147596874986518
Cauc,cousins,129,20,7.847929832481249
Cauc,cousins,130,20,9.39043402376339
Cauc,cousins,131,14,2.3157371295468607
Cauc,cousins,132,18,6.289428975208613
Cauc,cousins,133,17,3.8813939655320775
Cauc,cousins,134,22,6.052999482705981
Cauc,cousins,135,18,6.133966449044066
Cauc,cousins,136,18,5.588925828692672
Cauc,cousins,137,16,5.568648774282081
Cauc,cousins,138,18,10.176159569724607
Cauc,cousins,139,17,10.69388722321239
Cauc,cousins,140,15,5.6878461807535805
Cauc,cousins,141,19,6.454591845678513
Cauc,cousins,142,20,4.8308975307474915
Cauc,cousins,143,21,5.905244412652463
Cauc,cousins,144,20,10.025930718868691
Cauc,cousins,145,20,7.339521692470768
Cauc,cousins,146,19,6.466005243668296
Cauc,cousins,147,21,7.0085201136714375
Cauc,cousins,148,18,4.921948883776445
Cauc,cousins,149,22,8.290162542883015
Cauc,cousins,150,21,7.525521853737361
Cauc,cousins,151,22,10.161369110261102
Cauc,cousins,152,22,5.5829670889130325
Cauc,cousins,153,17,8.553135760764498
Cauc,cousins,154,21,8.050055349392212
Cauc,cousins,155,23,6.2541606330670305
Cauc,cousins,156,18,3.293702388671155
Cauc,cousins,157,20,6.317253011118434
Cauc,cousins,158,19,10.462835810465448
Cauc,cousins,159,23,7.024057738337199
Cauc,cousins,160,21,10.091861606929125
Cauc,cousins,161,22,5.940828778008194
Cauc,cousins,162,15,5.471184484061994
Cauc,cousins,163,19,4.291765930639768
Cauc,cousins,164,26,9.741524557143613
Cauc,cousins,165,19,4.505846711400103
Cauc,cousins,166,17,4.228732045311542
Cauc,cousins,167,18,7.096211767522421
Cauc,cousins,168,19,8.273075158911569
Cauc,cousins,169,22,8.439562732284509
Cauc,cousins,170,20,5.329608734636795
Cauc,cousins,171,23,11.57461679535354
Cauc,cousins,172,15,5.359223728242993
Cauc,cousins,173,17,7.17202997539484
Cauc,cousins,174,16,5.984891755484455
Cauc,cousins,175,23,10.270316015702452
Cauc,cousins,176,26,7.781264355108657
Cauc,cousins,177,12,6.095755699283844
Cauc,cousins,178,21,6.009710550320916
Cauc,cousins,179,18,12.267667316380978
Cauc,cousins,180,21,8.575801146828596
Cauc,cousins,181,18,6.194720090791264
Cauc,cousins,182,14,4.852767341639941
Cauc,cousins,183,17,4.997826311701734
Cauc,cousins,184,14,3.4675427540520696
Cauc,cousins,185,15,5.910186172990831
Cauc,cousins,186,25,9.427541554590794
Cauc,cousins,187,18,4.682076450402558
Cauc,cousins,188,27,8.77089313869906
Cauc,cousins,189,16,3.399250115329151
Cauc,cousins,190,17,6.19407633726142
Cauc,cousins,191,13,4.514250721211487
Cauc,cousins,192,19,7.798812555033941
Cauc,cousins,193,22,4.655412963266832
Cauc,cousins,194,18,8.057596516572838
Cauc,cousins,195,21,7.316424922944097
Cauc,cousins,196,18,4.713779140621881
Cauc,cousins,197,21,9.366116150263984
Cauc,cousins,198,21,6.546919784186316
Cauc,cousins,199,16,6.641655330798379
Cauc,cousins,200,22,6.9693543181165385
Cauc,cousins,201,13,3.8084783829728286
Cauc,cousins,202,22,6.97436777567362
Cauc,cousins,203,21,8.263678891398593
Cauc,cousins,204,22,5.275349445935995
Cauc,cousins,205,24,8.585649022009568
Cauc,cousins,206,18,5.740013081781891
Cauc,cousins,207,15,4.181015127729973
Cauc,cousins,208,20,5.03365635185695
Cauc,cousins,209,22,5.733854226577065
Cauc,cousins,210,12,2.469846512436643
Cauc,cousins,211,23,9.716722921445198
Cauc,cousins,212,16,4.500893187369982
Cauc,cousins,213,19,4.427377169616423
Cauc,cousins,214,26,10.071103493781013
Cauc,cousins,215,11,1.6162465553946594
Cauc,cousins,216,16,5.334005737075379
Cauc,cousins,217,21,6.257457726532152
Cauc,cousins,218,21,8.578621123389025
Cauc,cousins,219,16,3.815213418408773
Cauc,cousins,220,14,5.482448823899736
Cauc,cousins,221,16,9.910419651856596
Cauc,cousins,222,17,6.076216094023608
Cauc,cousins,223,16,6.497687497164233
Cauc,cousins,224,18,6.834530661858084
Cauc,cousins,225,21,5.617031557809254
Cauc,cousins,226,19,5.8159475868057235
Cauc,cousins,227,19,6.63000731224046
Cauc,cousins,228,15,4.75749180967211
Cauc,cousins,229,16,4.899758057710603
Cauc,cousins,230,20,11.309428712641893
Cauc,cousins,231,26,9.98787829425222
Cauc,cousins,232,23,9.749635335482594
Cauc,cousins,233,21,8.984031369682963
Cauc,cousins,234,18,5.509503279465239
Cauc,cousins,235,22,5.496833199570534
Cauc,cousins,236,21,9.008617611405715
Cauc,cousins,237,21,7.164150007111032
Cauc,cousins,238,18,9.349809931603913
Cauc,cousins,239,26,9.375031412092342
Cauc,cousins,240,18,6.38042965218949
Cauc,cousins,241,16,3.755375491251372
Cauc,cousins,242,19,7.070700237221341
Cauc,cousins,243,17,5.607128175108888
Cauc,cousins,244,13,2.5597336440120855
Cauc,cousins,245,19,4.3956797517751065
Cauc,cousins,246,24,8.837664870625535
Cauc,cousins,247,18,8.995471941028644
Cauc,cousins,248,18,5.81839777808037
Cauc,cousins,249,15,4.089924011155188
Cauc,cousins,250,24,9.755585842715693
Cauc,cousins,251,22,10.730365722812026
Cauc,cousins,252,13,5.412141023334521
Cauc,cousins,253,25,8.535815817523916
Cauc,cousins,254,18,11.65930836016971
Cauc,cousins,255,13,6.099074865272629
Cauc,cousins,256,18,4.523447246605641
Cauc,cousins,257,18,6.469118454565773
Cauc,cousins,258,18,3.8122016097278193
Cauc,cousins,259,14,4.507085928995389
Cauc,cousins,260,15,1.9119692128992223
Cauc,cousins,261,20,5.788715047424836
Cauc,cousins,262,18,4.329064618972888
Cauc,cousins,263,22,11.523503777704908
Cauc,cousins,264,15,2.885538270899022
Cauc,cousins,265,20,5.061043845352733
Cauc,cousins,266,20,7.670818251542229
Cauc,cousins,267,21,7.126851605348326
Cauc,cousins,268,15,8.037091239889781
Cauc,cousins,269,16,6.449689994788097
Cauc,cousins,270,21,8.202854288276274
Cauc,cousins,271,16,5.242635448125639
Cauc,cousins,272,18,5.478509021591305
Cauc,cousins,273,20,5.099403051686774
Cauc,cousins,274,24,9.571135819868898
Cauc,cousins,275,18,8.398332456991357
Cauc,cousins,276,16,5.511799378133383
Cauc,cousins,277,22,9.777546582285234
Cauc,cousins,278,22,5.748158013642755
Cauc,cousins,279,18,6.873058723378055
Cauc,cousins,280,15,4.931885984392711
Cauc,cousins,281,19,4.425526762453498
Cauc,cousins,282,19,6.464727461579244
Cauc,cousins,283,23,10.192858595380196
Cauc,cousins,284,18,7.956093099787305
Cauc,cousins,285,24,8.676447434879119
Cauc,cousins,286,24,5.578137704738852
Cauc,cousins,287,21,4.762031419972191
Cauc,cousins,288,16,8.421750817438701
Cauc,cousins,289,16,6.099867924305379
Cauc,cousins,290,16,8.556815130893018
Cauc,cousins,291,20,9.163420381547114
Cauc,cousins,292,16,5.145557797509877
Cauc,cousins,293,20,6.45231885354706
Cauc,cousins,294,19,4.748066455943847
Cauc,cousins,295,26,7.324853201382776
Cauc,cousins,296,14,6.1951600784490415
Cauc,cousins,297,18,9.338990566950896
Cauc,cousins,298,11,0.8385965354465019
Cauc,cousins,299,14,2.9937514999095107
Cauc,cousins,300,22,6.095566977726564
Cauc,cousins,301,18,6.053665313722687
Cauc,cousins,302,17,6.091181096501952
Cauc,cousins,303,20,7.249381781542132
Cauc,cousins,304,24,8.915474106234514
Cauc,cousins,305,20,5.107934243098756
Cauc,cousins,306,16,5.293802974400651
Cauc,cousins,307,20,6.446822041630839
Cauc,cousins,308,19,5.160783154531291
Cauc,cousins,309,20,5.694714497416105
Cauc,cousins,310,17,7.527380738229638
Cauc,cousins,311,20,9.255257623939464
Cauc,cousins,312,18,4.316071051145267
Cauc,cousins,313,18,5.237947310771722
Cauc,cousins,314,16,4.004089134676221
Cauc,cousins,315,18,5.7009730238239475
Cauc,cousins,316,19,6.293822277942778
Cauc,cousins,317,18,5.153448479175271
Cauc,cousins,318,22,7.866503190221752
Cauc,cousins,319,20,6.335038023790342
Cauc,cousins,320,20,5.411312194721585
Cauc,cousins,321,20,7.722660850756974
Cauc,cousins,322,19,6.65031142747898
Cauc,cousins,323,21,5.8045776193147915
Cauc,cousins,324,20,5.455633413905268
Cauc,cousins,325,21,5.275153914804256
Cauc,cousins,326,21,5.989130579516976
Cauc,cousins,327,16,4.13899114131294
Cauc,cousins,328,20,5.405556240915826
Cauc,cousins,329,21,6.29650982541503
Cauc,cousins,330,28,7.938796987842824
Cauc,cousins,331,17,3.6694003197335974
Cauc,cousins,332,17,7.875344959400676
Cauc,cousins,333,16,6.5071572886423645
Cauc,cousins,334,21,8.493821359894328
Cauc,cousins,335,16,2.668693821924948
Cauc,cousins,336,21,7.362719521750898
Cauc,cousins,337,17,5.824715786368127
Cauc,cousins,338,14,3.1698506855386364
Cauc,cousins,339,17,3.818894281747984
Cauc,cousins,340,16,5.252322084228622
Cauc,cousins,341,20,10.332319035954558
Cauc,cousins,342,22,9.314280398618017
Cauc,cousins,343,20,7.79044597805094
Cauc,cousins,344,20,3.6091404128806506
Cauc,cousins,345,15,6.499492324102828
Cauc,cousins,346,26,10.076301208960226
Cauc,cousins,347,22,6.555258403237885
Cauc,cousins,348,18,6.9356009117623145
Cauc,cousins,349,21,8.499878607104264
Cauc,cousins,350,22,7.435374090566796
Cauc,cousins,351,19,9.587318357911304
Cauc,cousins,352,19,4.9457957885336326
Cauc,cousins,353,16,8.497450988134071
Cauc,cousins,354,20,7.523468103274712
Cauc,cousins,355,14,4.085866666363261
Cauc,cousins,356,19,5.841811376043842
Cauc,cousins,357,20,8.202360832250731
Cauc,cousins,358,17,6.780604682676067
Cauc,cousins,359,23,4.750774172395674
Cauc,cousins,360,26,10.574776452042606
Cauc,cousins,361,18,7.790850101046445
Cauc,cousins,362,24,9.191484013355838
Cauc,cousins,363,18,5.723074176188483
Cauc,cousins,364,15,3.7516507646718766
Cauc,cousins,365,22,6.546778529072141
Cauc,cousins,366,19,5.048516548910792
Cauc,cousins,367,13,2.682814283525781
Cauc,cousins,368,23,6.913179945910447
Cauc,cousins,369,14,3.8843398381503214
Cauc,cousins,370,18,5.755403567583192
Cauc,cousins,371,17,3.2092848593381333
Cauc,cousins,372,16,4.8388795991823645
Cauc,cousins,373,19,6.4382079041064815
Cauc,cousins,374,18,7.923118604689144
Cauc,cousins,375,18,4.408092429709508
Cauc,cousins,376,18,4.45500960220094
Cauc,cousins,377,19,5.476489355712519
Cauc,cousins,378,19,5.396574799691531
Cauc,cousins,379,16,4.089240165213608
Cauc,cousins,380,17,7.017752399084132
Cauc,cousins,381,19,8.005030592736542
Cauc,cousins,382,20,7.685599658576571
Cauc,cousins,383,26,11.34241415722328
Cauc,cousins,384,18,7.517078683816302
Cauc,cousins,385,22,10.579604152918469
Cauc,cousins,386,14,1.9214652907339462
Cauc,cousins,387,19,5.111952757858172
Cauc,cousins,388,20,9.803473309197738
Cauc,cousins,389,17,7.847445467213479
Cauc,cousins,390,21,6.127899562372278
Cauc,cousins,391,22,4.765242128377697
Cauc,cousins,392,18,6.1874771738118675
Cauc,cousins,393,18,5.850190321862763
Cauc,cousins,394,19,5.405297197167668
Cauc,cousins,395,19,8.453804095659333
Cauc,cousins,396,18,6.899383158114726
Cauc,cousins,397,17,4.434639666874062
Cauc,cousins,398,22,10.088160690925188
Cauc,cousins,399,17,6.895336668945093
Cauc,cousins,400,17,3.0549538204071878
Cauc,cousins,401,25,9.064914943743302
Cauc,cousins,402,21,3.4049229637380765
Cauc,cousins,403,16,4.2884127503253175
Cauc,cousins,404,18,7.566606914640607
Cauc,cousins,405,21,7.758600487317971
Cauc,cousins,406,21,7.511112284471429
Cauc,cousins,407,17,5.007555284244242
Cauc,cousins,408,18,4.763796571862178
Cauc,cousins,409,15,1.5667247772213901
Cauc,cousins,410,17,5.753508540955394
Cauc,cousins,411,24,6.959758437044797
Cauc,cousins,412,19,7.9062066639293445
Cauc,cousins,413,22,11.711655988819766
Cauc,cousins,414,17,7.614403962679729
Cauc,cousins,415,21,11.309695936723486
Cauc,cousins,416,19,4.175884772915683
Cauc,cousins,417,14,3.357649783345688
Cauc,cousins,418,15,4.49227810483396
Cauc,cousins,419,20,6.268337558496776
Cauc,cousins,420,19,4.74458461429382
Cauc,cousins,421,20,5.352855913948989
Cauc,cousins,422,18,4.281503706843889
Cauc,cousins,423,24,9.414593103314434
Cauc,cousins,424,24,8.592707921954853
Cauc,cousins,425,17,2.088390828851826
Cauc,cousins,426,20,4.910635335667551
Cauc,cousins,427,18,7.791987072101325
Cauc,cousins,428,16,9.289684611260418
Cauc,cousins,429,15,6.129583815551548
Cauc,cousins,430,19,5.139842801399448
Cauc,cousins,431,25,7.266966634372052
Cauc,cousins,432,23,11.162253680035978
Cauc,cousins,433,25,7.001558536935513
Cauc,cousins,434,20,7.948155609216385
Cauc,cousins,435,19,6.315390983641725
Cauc,cousins,436,19,8.595816354018584
Cauc,cousins,437,22,7.462763228357424
Cauc,cousins,438,17,6.265977423301109
Cauc,cousins,439,22,6.498036996929898
Cauc,cousins,440,21,5.637565818448957
Cauc,cousins,441,15,6.8560108397224475
Cauc,cousins,442,28,7.698311133609064
Cauc,cousins,443,18,6.277144867246048
Cauc,cousins,444,21,6.166659870668701
Cauc,cousins,445,21,10.226198700433214
Cauc,cousins,446,16,5.286463949235304
Cauc,cousins,447,18,4.11380279628319
Cauc,cousins,448,19,7.740816182077916
Cauc,cousins,449,16,4.385605331387856
Cauc,cousins,450,19,7.294731421519895
Cauc,cousins,451,16,3.2527432502133977
Cauc,cousins,452,18,4.92084040327509
Cauc,cousins,453,22,8.579115311860154
Cauc,cousins,454,23,10.34616237951847
Cauc,cousins,455,15,4.761982567934045
Cauc,cousins,456,14,4.523168808852347
Cauc,cousins,457,18,5.940767308211058
Cauc,cousins,458,16,4.973906438610073
Cauc,cousins,459,19,8.615925791983955
Cauc,cousins,460,13,3.3330599226221067
Cauc,cousins,461,15,5.004715959145127
Cauc,cousins,462,20,10.600309946530027
Cauc,cousins,463,18,9.40131815074113
Cauc,cousins,464,21,6.6264718963876765
Cauc,cousins,465,16,2.6250833658987096
Cauc,cousins,466,19,10.739404632719927
Cauc,cousins,467,16,7.025252611709474
Cauc,cousins,468,17,6.27492928704274
Cauc,cousins,469,19,10.793523809435337
Cauc,cousins,470,20,8.142211099686712
Cauc,cousins,471,22,11.802327820103855
Cauc,cousins,472,19,10.796724235302298
Cauc,cousins,473,23,9.813305140880765
Cauc,cousins,474,21,9.06411139934832
Cauc,cousins,475,13,1.3708953458169884
Cauc,cousins,476,16,4.555202881338639
Cauc,cousins,477,23,5.587709558386824
Cauc,cousins,478,22,8.52962850032393
Cauc,cousins,479,16,5.281913133479992
Cauc,cousins,480,20,4.126023023345925
Cauc,cousins,481,24,7.963538987630992
Cauc,cousins,482,23,7.265609426392857
Cauc,cousins,483,14,4.388376108742041
Cauc,cousins,484,18,5.386885214232139
Cauc,cousins,485,13,3.0504784607444515
Cauc,cousins,486,17,7.755905600724994
Cauc,cousins,487,18,6.019521114071559
Cauc,cousins,488,21,8.230211607562536
Cauc,cousins,489,19,6.4615320927354025
Cauc,cousins,490,17,5.327066872166676
Cauc,cousins,491,23,7.089967330390621
Cauc,cousins,492,17,7.329283007203974
Cauc,cousins,493,25,9.191028665720914
Cauc,cousins,494,20,7.655730787299033
Cauc,cousins,495,18,5.147662156097797
Cauc,cousins,496,18,5.5688410026800454
Cauc,cousins,497,20,6.411449410876787
Cauc,cousins,498,19,7.581580444062966
Cauc,cousins,499,21,7.001431584024473
Cauc,cousins,500,18,3.950638506067273
Cauc,second_cousins,1,19,4.07277800371063
Cauc,second_cousins,2,21,3.0577623786941133
Cauc,second_cousins,3,21,4.051773743395556
Cauc,second_cousins,4,18,3.283447835838422
Cauc,second_cousins,5,19,2.989124106826427
Cauc,second_cousins,6,17,3.5572614349725473
Cauc,second_cousins,7,18,3.3022169533190153
Cauc,second_cousins,8,20,4.493337353897995
Cauc,second_cousins,9,21,3.7591520453933693
Cauc,second_cousins,10,17,2.052403181551026
Cauc,second_cousins,11,11,1.843943026154803
Cauc,second_cousins,12,14,2.840165870576285
Cauc,second_cousins,13,21,4.896778712823071
Cauc,second_cousins,14,24,6.462791619374298
Cauc,second_cousins,15,22,3.4992227422338193
Cauc,second_cousins,16,18,4.160043678492879
Cauc,second_cousins,17,23,6.56002149342654
Cauc,second_cousins,18,12,5.519064982022806
Cauc,second_cousins,19,20,6.56263156435752
Cauc,second_cousins,20,20,4.638224868773716
Cauc,second_cousins,21,13,2.6949486658811415
Cauc,second_cousins,22,18,4.940108594411883
Cauc,second_cousins,23,21,8.015059170606479
Cauc,second_cousins,24,14,3.9648770295126363
Cauc,second_cousins,25,19,3.077350544246559
Cauc,second_cousins,26,18,2.8984933898199223
Cauc,second_cousins,27,21,8.478828438920065
Cauc,second_cousins,28,17,3.183261609098182
Cauc,second_cousins,29,17,2.4371240218144488
Cauc,second_cousins,30,13,4.758464863427784
Cauc,second_cousins,31,15,2.5150107360411793
Cauc,second_cousins,32,19,3.202870463592927
Cauc,second_cousins,33,14,2.849479803004295
Cauc,second_cousins,34,18,4.902954154492022
Cauc,second_cousins,35,20,3.4038330108281016
Cauc,second_cousins,36,16,2.4191606314251812
Cauc,second_cousins,37,17,2.4077548475340342
Cauc,second_cousins,38,23,5.705403542609246
Cauc,second_cousins,39,22,6.050231255498549
Cauc,second_cousins,40,19,3.890537332097387
Cauc,second_cousins,41,14,2.557526682566704
Cauc,second_cousins,42,22,5.537722246268899
Cauc,second_cousins,43,17,3.83844053098714
Cauc,second_cousins,44,12,1.664444255837076
Cauc,second_cousins,45,20,4.4832553892672555
Cauc,second_cousins,46,13,2.553827171703019
Cauc,second_cousins,47,19,2.8664436659580734
Cauc,second_cousins,48,18,3.5290904040481634
Cauc,second_cousins,49,17,2.307354251078204
Cauc,second_cousins,50,22,3.754198243218865
Cauc,second_cousins,51,17,3.0191419758871523
Cauc,second_cousins,52,16,5.532638733960488
Cauc,second_cousins,53,18,4.303861067044506
Cauc,second_cousins,54,14,2.613823755561667
Cauc,second_cousins,55,17,2.941204568947184
Cauc,second_cousins,56,17,3.584384805199683
Cauc,second_cousins,57,14,1.3125678034764137
Cauc,second_cousins,58,16,2.9522985758560147
Cauc,second_cousins,59,16,2.6224651571986146
Cauc,second_cousins,60,20,3.4434365295920077
Cauc,second_cousins,61,22,4.20423582409726
Cauc,second_cousins,62,18,4.540046592769019
Cauc,second_cousins,63,16,3.5219027249599817
Cauc,second_cousins,64,16,2.0648468431119364
Cauc,second_cousins,65,12,2.1284539289563806
Cauc,second_cousins,66,22,5.7981617605718085
Cauc,second_cousins,67,26,4.356082015798872
Cauc,second_cousins,68,14,1.1344850079643947
Cauc,second_cousins,69,19,3.61444743882949
Cauc,second_cousins,70,19,2.157016101488899
Cauc,second_cousins,71,23,3.207468345713871
Cauc,second_cousins,72,22,4.024536997846157
Cauc,second_cousins,73,22,3.7996244243179635
Cauc,second_cousins,74,22,5.406453185429399
Cauc,second_cousins,75,20,2.3856092678996106
Cauc,second_cousins,76,17,2.5962703607068125
Cauc,second_cousins,77,19,2.346528039476471
Cauc,second_cousins,78,17,3.601031432866666
Cauc,second_cousins,79,17,2.3429841819577346
Cauc,second_cousins,80,19,3.983545549396423
Cauc,second_cousins,81,21,3.980532337969113
Cauc,second_cousins,82,9,1.7160085725849799
Cauc,second_cousins,83,19,4.619590804012945
Cauc,second_cousins,84,15,3.1049276080130057
Cauc,second_cousins,85,21,3.1437595940102296
Cauc,second_cousins,86,19,3.329233554562152
Cauc,second_cousins,87,17,3.2564729683544353
Cauc,second_cousins,88,18,3.1392931290120765
Cauc,second_cousins,89,22,4.4271204564696065
Cauc,second_cousins,90,20,4.647523208083928
Cauc,second_cousins,91,17,3.0004555968356623
Cauc,second_cousins,92,22,3.2881159770335895
Cauc,second_cousins,93,20,4.091465892126346
Cauc,second_cousins,94,21,3.693778631949082
Cauc,second_cousins,95,15,3.730010386581553
Cauc,second_cousins,96,14,2.036390874192288
Cauc,second_cousins,97,22,5.707324779576084
Cauc,second_cousins,98,16,2.7399344298904285
Cauc,second_cousins,99,22,6.693895319728238
Cauc,second_cousins,100,18,2.5844106270387557
Cauc,second_cousins,101,21,3.7900821193289245
Cauc,second_cousins,102,17,3.3072407033089495
Cauc,second_cousins,103,23,3.820844509731739
Cauc,second_cousins,104,17,2.5757373476515344
Cauc,second_cousins,105,26,6.9762709031240515
Cauc,second_cousins,106,19,3.0253642468795987
Cauc,second_cousins,107,17,2.626701308419236
Cauc,second_cousins,108,14,2.0160900949593246
Cauc,second_cousins,109,11,2.4400551354396702
Cauc,second_cousins,110,18,3.5749436723209493
Cauc,second_cousins,111,18,2.2299474398244348
Cauc,second_cousins,112,15,4.24672694145599
Cauc,second_cousins,113,17,2.5347097607102684
Cauc,second_cousins,114,19,4.2585544408768286
Cauc,second_cousins,115,17,2.944323315655569
Cauc,second_cousins,116,20,4.9958098565303475
Cauc,second_cousins,117,16,1.5902412431382067
Cauc,second_cousins,118,15,3.2736913733160025
Cauc,second_cousins,119,15,3.7427380258765495
Cauc,second_cousins,120,18,3.534744648058303
Cauc,second_cousins,121,15,3.1009997520083723
Cauc,second_cousins,122,19,3.801389444226532
Cauc,second_cousins,123,19,2.896859802760542
Cauc,second_cousins,124,20,5.058331531198279
Cauc,second_cousins,125,14,2.334194279149057
Cauc,second_cousins,126,15,2.4298258008455464
Cauc,second_cousins,127,22,3.9766485297430227
Cauc,second_cousins,128,21,4.126663293894031
Cauc,second_cousins,129,18,2.7909340360984376
Cauc,second_cousins,130,17,3.6513689462514534
Cauc,second_cousins,131,16,3.0673396170154876
Cauc,second_cousins,132,24,4.81828850495291
Cauc,second_cousins,133,17,3.6952430850206346
Cauc,second_cousins,134,23,3.8934539221942246
Cauc,second_cousins,135,20,3.0945071627213534
Cauc,second_cousins,136,10,1.3024918563226398
Cauc,second_cousins,137,22,3.2952781166753367
Cauc,second_cousins,138,15,4.699547396050772
Cauc,second_cousins,139,18,4.028348728937011
Cauc,second_cousins,140,15,2.375582690611254
Cauc,second_cousins,141,16,3.5434005263517268
Cauc,second_cousins,142,15,2.1622686944185534
Cauc,second_cousins,143,22,4.316496417456987
Cauc,second_cousins,144,15,3.790506995103761
Cauc,second_cousins,145,17,3.9743344253538213
Cauc,second_cousins,146,14,2.621392088812132
Cauc,second_cousins,147,15,2.110721839810891
Cauc,second_cousins,148,18,2.831344969162315
Cauc,second_cousins,149,13,2.372880548563765
Cauc,second_cousins,150,19,3.072969999157395
Cauc,second_cousins,151,15,2.772635032905946
Cauc,second_cousins,152,13,1.6381717440836554
Cauc,second_cousins,153,15,2.2439174522906784
Cauc,second_cousins,154,20,3.1610796566161192
Cauc,second_cousins,155,15,1.765448215217035
Cauc,second_cousins,156,13,1.3688626047094206
Cauc,second_cousins,157,23,4.142792838333908
Cauc,second_cousins,158,19,5.2925669112563005
Cauc,second_cousins,159,16,3.162425523797916
Cauc,second_cousins,160,22,3.752606871787414
Cauc,second_cousins,161,16,4.293610298224769
Cauc,second_cousins,162,12,4.200957442722769
Cauc,second_cousins,163,19,3.126032411794114
Cauc,second_cousins,164,19,2.4038676410558097
Cauc,second_cousins,165,20,4.826025673658924
Cauc,second_cousins,166,25,3.158406157094395
Cauc,second_cousins,167,14,2.8853290038421195
Cauc,second_cousins,168,17,2.5876544175237113
Cauc,second_cousins,169,20,3.784568072357359
Cauc,second_cousins,170,15,1.3882769623509135
Cauc,second_cousins,171,14,2.8278055462147424
Cauc,second_cousins,172,24,4.009013822571999
Cauc,second_cousins,173,22,3.161970032834362
Cauc,second_cousins,174,16,3.8145363649556643
Cauc,second_cousins,175,18,4.124999116863064
Cauc,second_cousins,176,17,4.156115105932283
Cauc,second_cousins,177,19,3.0642463000249793
Cauc,second_cousins,178,19,3.3372922682943487
Cauc,second_cousins,179,24,4.921724713902249
Cauc,second_cousins,180,21,4.333175229733522
Cauc,second_cousins,181,19,2.9761283098024203
Cauc,second_cousins,182,21,2.7833146602585557
Cauc,second_cousins,183,17,3.6577099708963754
Cauc,second_cousins,184,17,2.853862902671637
Cauc,second_cousins,185,22,3.5153722801144673
Cauc,second_cousins,186,19,3.5050873697966654
Cauc,second_cousins,187,19,3.141807033388519
Cauc,second_cousins,188,19,2.4799729449205556
Cauc,second_cousins,189,16,2.427571023849881
Cauc,second_cousins,190,19,3.352473618471688
Cauc,second_cousins,191,17,4.638353390439702
Cauc,second_cousins,192,16,2.362226015729077
Cauc,second_cousins,193,20,4.109484650774485
Cauc,second_cousins,194,12,1.1502236909564563
Cauc,second_cousins,195,16,3.645076378757607
Cauc,second_cousins,196,19,4.986519181410858
Cauc,second_cousins,197,16,3.098089299576638
Cauc,second_cousins,198,17,3.7928468196725196
Cauc,second_cousins,199,22,3.4793420132597914
Cauc,second_cousins,200,19,4.29081633555598
Cauc,second_cousins,201,17,3.348288098987782
Cauc,second_cousins,202,19,2.907029497461655
Cauc,second_cousins,203,22,4.209570592099216
Cauc,second_cousins,204,18,5.631986827508901
Cauc,second_cousins,205,17,2.8085138396247125
Cauc,second_cousins,206,18,4.3685071452685245
Cauc,second_cousins,207,22,4.702512159149198
Cauc,second_cousins,208,20,4.279804407413391
Cauc,second_cousins,209,20,3.293313088594209
Cauc,second_cousins,210,14,2.3501836483340663
Cauc,second_cousins,211,17,3.6585946839747265
Cauc,second_cousins,212,12,3.379099000026886
Cauc,second_cousins,213,18,1.627441214385679
Cauc,second_cousins,214,18,2.649070887311311
Cauc,second_cousins,215,18,4.370011756047614
Cauc,second_cousins,216,19,5.0745883778562755
Cauc,second_cousins,217,16,2.0980218689772188
Cauc,second_cousins,218,14,2.7173841359016118
Cauc,second_cousins,219,18,2.8204207003366273
Cauc,second_cousins,220,20,4.4257795512367695
Cauc,second_cousins,221,23,4.624077509070634
Cauc,second_cousins,222,17,2.9686461623360416
Cauc,second_cousins,223,15,4.761227859414877
Cauc,second_cousins,224,24,5.19682257739426
Cauc,second_cousins,225,16,3.2906682327769716
Cauc,second_cousins,226,17,2.5945748015550767
Cauc,second_cousins,227,19,2.460343664487152
Cauc,second_cousins,228,15,2.8802179010313247
Cauc,second_cousins,229,19,2.9271301628912143
Cauc,second_cousins,230,15,1.5913041930730807
Cauc,second_cousins,231,22,3.472267375244745
Cauc,second_cousins,232,14,2.091725124788461
Cauc,second_cousins,233,16,1.6228978972589663
Cauc,second_cousins,234,19,3.7683129288459196
Cauc,second_cousins,235,16,2.8448631434892815
Cauc,second_cousins,236,18,4.453480202622446
Cauc,second_cousins,237,18,2.387618029655959
Cauc,second_cousins,238,14,3.5546738452860844
Cauc,second_cousins,239,23,6.366884950689104
Cauc,second_cousins,240,18,3.3119281056424255
Cauc,second_cousins,241,13,1.9400255705643192
Cauc,second_cousins,242,16,4.419202290928785
Cauc,second_cousins,243,21,4.691202343876724
Cauc,second_cousins,244,21,4.065419057934123
Cauc,second_cousins,245,21,4.143201120368224
Cauc,second_cousins,246,17,2.0641736030181455
Cauc,second_cousins,247,10,1.0444256565050407
Cauc,second_cousins,248,16,4.313670009240585
Cauc,second_cousins,249,21,4.085905419043269
Cauc,second_cousins,250,17,3.0106715888278
Cauc,second_cousins,251,22,3.423739980995409
Cauc,second_cousins,252,18,3.426151283243344
Cauc,second_cousins,253,21,5.976333938373634
Cauc,second_cousins,254,18,4.316317739285348
Cauc,second_cousins,255,19,6.236260632549413
Cauc,second_cousins,256,21,3.976520989591692
Cauc,second_cousins,257,19,4.540424831323286
Cauc,second_cousins,258,17,3.524877916300696
Cauc,second_cousins,259,16,2.41435570886347
Cauc,second_cousins,260,20,3.3858856778799318
Cauc,second_cousins,261,17,1.7272938030344072
Cauc,second_cousins,262,17,2.0816627697870995
Cauc,second_cousins,263,20,2.2855502240235697
Cauc,second_cousins,264,21,3.191574604056378
Cauc,second_cousins,265,18,3.429565901402218
Cauc,second_cousins,266,20,4.246476969630979
Cauc,second_cousins,267,13,2.0804991318336388
Cauc,second_cousins,268,18,3.8222920073389477
Cauc,second_cousins,269,14,2.776719187941851
Cauc,second_cousins,270,18,3.8104669145844667
Cauc,second_cousins,271,21,3.3419950562962892
Cauc,second_cousins,272,20,4.700230965929317
Cauc,second_cousins,273,21,5.346615936793868
Cauc,second_cousins,274,16,1.5342259625542436
Cauc,second_cousins,275,17,4.100432911374292
Cauc,second_cousins,276,17,4.1107803956721725
Cauc,second_cousins,277,21,3.1633900429809345
Cauc,second_cousins,278,21,3.755239441836177
Cauc,second_cousins,279,22,4.548522501102771
Cauc,second_cousins,280,27,5.416207806114
Cauc,second_cousins,281,13,1.528922071359721
Cauc,second_cousins,282,14,2.1308952071714895
Cauc,second_cousins,283,17,4.146143649112106
Cauc,second_cousins,284,17,2.478951908596236
Cauc,second_cousins,285,19,4.248032762541193
Cauc,second_cousins,286,24,3.8063585158403326
Cauc,second_cousins,287,17,4.277536717462844
Cauc,second_cousins,288,17,2.5624582473914206
Cauc,second_cousins,289,12,3.2895870745680407
Cauc,second_cousins,290,22,5.618325577921329
Cauc,second_cousins,291,21,4.8179339653934505
Cauc,second_cousins,292,15,3.3259440877362985
Cauc,second_cousins,293,18,3.5416448290099605
Cauc,second_cousins,294,13,1.3928808249090974
Cauc,second_cousins,295,17,2.1845409809711023
Cauc,second_cousins,296,21,4.01194115360469
Cauc,second_cousins,297,18,3.4513719833240493
Cauc,second_cousins,298,22,3.6375135429972416
Cauc,second_cousins,299,23,4.3373274269629665
Cauc,second_cousins,300,19,2.1435436298981267
Cauc,second_cousins,301,16,2.7434837279396005
Cauc,second_cousins,302,19,4.492417225570768
Cauc,second_cousins,303,14,2.2014416002213686
Cauc,second_cousins,304,22,4.394277125099331
Cauc,second_cousins,305,23,4.427247758325961
Cauc,second_cousins,306,16,2.0322812484219734
Cauc,second_cousins,307,21,4.329005654710845
Cauc,second_cousins,308,10,4.079003511797381
Cauc,second_cousins,309,20,3.1611941295295254
Cauc,second_cousins,310,17,4.033094363480688
Cauc,second_cousins,311,23,5.380983658337198
Cauc,second_cousins,312,15,3.095320082784165
Cauc,second_cousins,313,17,2.545879564514057
Cauc,second_cousins,314,17,5.533735079115187
Cauc,second_cousins,315,20,3.3604747501358654
Cauc,second_cousins,316,14,2.089977253706961
Cauc,second_cousins,317,23,3.7002336358762054
Cauc,second_cousins,318,17,4.455265790225432
Cauc,second_cousins,319,15,3.8562748579235793
Cauc,second_cousins,320,22,3.7804742395782074
Cauc,second_cousins,321,16,1.497828269267862
Cauc,second_cousins,322,14,4.492257298234308
Cauc,second_cousins,323,17,3.882765058290797
Cauc,second_cousins,324,21,8.787580097753303
Cauc,second_cousins,325,22,4.827530071956075
Cauc,second_cousins,326,15,5.863145745914936
Cauc,second_cousins,327,18,3.3280285274832715
Cauc,second_cousins,328,19,3.007687439739748
Cauc,second_cousins,329,15,2.305967250454876
Cauc,second_cousins,330,14,1.10098485303437
Cauc,second_cousins,331,17,7.870569198639242
Cauc,second_cousins,332,14,1.821639902530101
Cauc,second_cousins,333,21,7.075904059260499
Cauc,second_cousins,334,13,1.6313463218170074
Cauc,second_cousins,335,21,5.187032011225244
Cauc,second_cousins,336,18,2.176235793695949
Cauc,second_cousins,337,15,2.0142875518267003
Cauc,second_cousins,338,29,5.46756811779155
Cauc,second_cousins,339,20,4.088916775265398
Cauc,second_cousins,340,18,3.077277669590588
Cauc,second_cousins,341,21,3.3265407339745097
Cauc,second_cousins,342,14,2.070058518201829
Cauc,second_cousins,343,18,2.7657156575269193
Cauc,second_cousins,344,18,3.980233504782367
Cauc,second_cousins,345,18,2.140991111714484
Cauc,second_cousins,346,18,3.6377987946557133
Cauc,second_cousins,347,20,3.1875399864258673
Cauc,second_cousins,348,18,2.7322682363676694
Cauc,second_cousins,349,20,5.883845872806874
Cauc,second_cousins,350,16,2.3049060503074457
Cauc,second_cousins,351,17,1.9677901157790876
Cauc,second_cousins,352,18,3.4433714474373858
Cauc,second_cousins,353,24,4.304009396130165
Cauc,second_cousins,354,9,0.23785072399321228
Cauc,second_cousins,355,20,1.7634028175982035
Cauc,second_cousins,356,21,5.043006950536117
Cauc,second_cousins,357,21,4.511673163687969
Cauc,second_cousins,358,19,8.011415722661779
Cauc,second_cousins,359,18,2.898800889704651
Cauc,second_cousins,360,16,3.398256806831927
Cauc,second_cousins,361,16,3.28758500378625
Cauc,second_cousins,362,19,3.239372467612804
Cauc,second_cousins,363,18,3.3534058963965783
Cauc,second_cousins,364,19,4.018117267759873
Cauc,second_cousins,365,16,4.814419549949687
Cauc,second_cousins,366,14,2.9036131053945664
Cauc,second_cousins,367,19,3.6406498276100816
Cauc,second_cousins,368,20,4.588243734987206
Cauc,second_cousins,369,20,4.395409692096983
Cauc,second_cousins,370,18,4.734547478319783
Cauc,second_cousins,371,23,2.8238367852071766
Cauc,second_cousins,372,16,3.7003498021861154
Cauc,second_cousins,373,17,2.1098854792911075
Cauc,second_cousins,374,22,4.556088328965679
Cauc,second_cousins,375,25,8.804868256476466
Cauc,second_cousins,376,25,3.54220172620722
Cauc,second_cousins,377,18,3.0988263520924235
Cauc,second_cousins,378,19,3.3976927512409647
Cauc,second_cousins,379,13,2.4584272230122584
Cauc,second_cousins,380,14,2.3212245567616256
Cauc,second_cousins,381,20,2.8993296141027556
Cauc,second_cousins,382,19,4.318131804117
Cauc,second_cousins,383,15,2.0778951074026515
Cauc,second_cousins,384,16,2.9322237303941288
Cauc,second_cousins,385,14,1.9850853342941983
Cauc,second_cousins,386,19,4.183995989142932
Cauc,second_cousins,387,23,5.258881868928698
Cauc,second_cousins,388,15,2.4873926447045016
Cauc,second_cousins,389,22,3.6539896135984002
Cauc,second_cousins,390,20,4.129687927512867
Cauc,second_cousins,391,21,5.722371047203189
Cauc,second_cousins,392,22,4.99984544018545
Cauc,second_cousins,393,21,4.003775028119544
Cauc,second_cousins,394,15,3.3932066033938906
Cauc,second_cousins,395,22,3.7202784103697253
Cauc,second_cousins,396,20,3.3743731140020534
Cauc,second_cousins,397,17,2.093511225987666
Cauc,second_cousins,398,20,4.012807191375149
Cauc,second_cousins,399,15,2.6721646853110594
Cauc,second_cousins,400,24,6.978881549772121
Cauc,second_cousins,401,12,1.4784683211876133
Cauc,second_cousins,402,24,4.172703571523388
Cauc,second_cousins,403,17,3.6446519192557805
Cauc,second_cousins,404,27,8.259808616067929
Cauc,second_cousins,405,23,4.243679124142552
Cauc,second_cousins,406,17,1.849622724231225
Cauc,second_cousins,407,24,4.00196934066014
Cauc,second_cousins,408,23,7.150599613330705
Cauc,second_cousins,409,19,4.662233967385767
Cauc,second_cousins,410,11,1.1376058424708804
Cauc,second_cousins,411,19,4.115435781549651
Cauc,second_cousins,412,22,4.060884043994787
Cauc,second_cousins,413,17,3.510085979247567
Cauc,second_cousins,414,18,1.7539024744793992
Cauc,second_cousins,415,18,3.0617060729725685
Cauc,second_cousins,416,13,2.8592359106611855
Cauc,second_cousins,417,18,1.8785626367396793
Cauc,second_cousins,418,19,4.9360881355856945
Cauc,second_cousins,419,14,1.6704430489423516
Cauc,second_cousins,420,19,3.989672618414306
Cauc,second_cousins,421,15,3.5143156259062396
Cauc,second_cousins,422,16,3.255450873211317
Cauc,second_cousins,423,14,3.2752798912863237
Cauc,second_cousins,424,18,2.5085159994913355
Cauc,second_cousins,425,26,5.187004008043624
Cauc,second_cousins,426,21,4.316070438952144
Cauc,second_cousins,427,20,4.00573109914076
Cauc,second_cousins,428,15,1.9755784369661997
Cauc,second_cousins,429,17,4.240278568729131
Cauc,second_cousins,430,14,2.758590537321342
Cauc,second_cousins,431,17,4.455058516462631
Cauc,second_cousins,432,19,2.4131855072483153
Cauc,second_cousins,433,17,2.3590850822992904
Cauc,second_cousins,434,20,2.465380184168016
Cauc,second_cousins,435,19,3.0435110331474178
Cauc,second_cousins,436,15,3.944339620764233
Cauc,second_cousins,437,15,3.044532141605318
Cauc,second_cousins,438,21,5.108452573511103
Cauc,second_cousins,439,17,3.790974177748491
Cauc,second_cousins,440,15,4.400823617940467
Cauc,second_cousins,441,24,5.85238928596385
Cauc,second_cousins,442,17,2.121288985528527
Cauc,second_cousins,443,17,4.729307904921958
Cauc,second_cousins,444,14,3.7803245741545517
Cauc,second_cousins,445,21,5.860036456527758
Cauc,second_cousins,446,16,2.404489908919999
Cauc,second_cousins,447,15,1.1667893924133708
Cauc,second_cousins,448,13,1.0193115533035975
Cauc,second_cousins,449,18,3.022957694326603
Cauc,second_cousins,450,16,1.558431267198953
Cauc,second_cousins,451,17,2.7625486795396492
Cauc,second_cousins,452,18,4.886213295083414
Cauc,second_cousins,453,14,1.5519770601272673
Cauc,second_cousins,454,23,3.1406491970084853
Cauc,second_cousins,455,15,3.023914296781486
Cauc,second_cousins,456,15,3.23124214606967
Cauc,second_cousins,457,23,5.310685209734556
Cauc,second_cousins,458,21,3.848767736875068
Cauc,second_cousins,459,21,2.6183470584867305
Cauc,second_cousins,460,22,4.705501974290685
Cauc,second_cousins,461,14,1.1679198508035755
Cauc,second_cousins,462,14,2.7762935002547016
Cauc,second_cousins,463,21,2.7151429089429113
Cauc,second_cousins,464,22,3.8730569198851956
Cauc,second_cousins,465,17,3.3302859179376907
Cauc,second_cousins,466,17,3.7995416651804144
Cauc,second_cousins,467,13,2.799271911700541
Cauc,second_cousins,468,19,5.184933912268011
Cauc,second_cousins,469,22,4.290934854166893
Cauc,second_cousins,470,18,4.287025497994417
Cauc,second_cousins,471,17,2.43306335005274
Cauc,second_cousins,472,16,4.5167824579623455
Cauc,second_cousins,473,17,2.178407172536245
Cauc,second_cousins,474,16,2.63545451961466
Cauc,second_cousins,475,20,4.537522946002877
Cauc,second_cousins,476,16,2.8206462999857314
Cauc,second_cousins,477,16,0.6942662264544283
Cauc,second_cousins,478,15,2.708758755788146
Cauc,second_cousins,479,20,2.9573141483565983
Cauc,second_cousins,480,23,3.952594350075391
Cauc,second_cousins,481,22,5.318883077234248
Cauc,second_cousins,482,11,2.051796633181895
Cauc,second_cousins,483,18,3.453459943607064
Cauc,second_cousins,484,17,1.7561369191074265
Cauc,second_cousins,485,26,5.1410638797084305
Cauc,second_cousins,486,19,4.49876945460853
Cauc,second_cousins,487,15,3.6596639984559616
Cauc,second_cousins,488,17,2.6657443687327804
Cauc,second_cousins,489,19,4.6315961561307555
Cauc,second_cousins,490,14,3.5241463722730377
Cauc,second_cousins,491,19,3.3008892638590552
Cauc,second_cousins,492,16,4.396315939397883
Cauc,second_cousins,493,10,0.374809820367053
Cauc,second_cousins,494,17,4.607662071754916
Cauc,second_cousins,495,20,5.0308693284226145
Cauc,second_cousins,496,18,1.8729078615798012
Cauc,second_cousins,497,16,1.8684045743210609
Cauc,second_cousins,498,13,1.0073007893144161
Cauc,second_cousins,499,13,2.862614547514208
Cauc,second_cousins,500,17,2.3748756688801027
Cauc,unrelated,1,18,0
Cauc,unrelated,2,18,0
Cauc,unrelated,3,17,0
Cauc,unrelated,4,19,0
Cauc,unrelated,5,21,0
Cauc,unrelated,6,20,0
Cauc,unrelated,7,18,0
Cauc,unrelated,8,14,0
Cauc,unrelated,9,15,0
Cauc,unrelated,10,13,0
Cauc,unrelated,11,20,0
Cauc,unrelated,12,13,0
Cauc,unrelated,13,19,0
Cauc,unrelated,14,17,0
Cauc,unrelated,15,17,0
Cauc,unrelated,16,19,0
Cauc,unrelated,17,23,0
Cauc,unrelated,18,16,0
Cauc,unrelated,19,12,0
Cauc,unrelated,20,16,0
Cauc,unrelated,21,16,0
Cauc,unrelated,22,17,0
Cauc,unrelated,23,21,0
Cauc,unrelated,24,15,0
Cauc,unrelated,25,15,0
Cauc,unrelated,26,18,0
Cauc,unrelated,27,14,0
Cauc,unrelated,28,19,0
Cauc,unrelated,29,12,0
Cauc,unrelated,30,18,0
Cauc,unrelated,31,16,0
Cauc,unrelated,32,16,0
Cauc,unrelated,33,21,0
Cauc,unrelated,34,25,0
Cauc,unrelated,35,24,0
Cauc,unrelated,36,17,0
Cauc,unrelated,37,17,0
Cauc,unrelated,38,21,0
Cauc,unrelated,39,16,0
Cauc,unrelated,40,9,0
Cauc,unrelated,41,22,0
Cauc,unrelated,42,15,0
Cauc,unrelated,43,14,0
Cauc,unrelated,44,16,0
Cauc,unrelated,45,15,0
Cauc,unrelated,46,16,0
Cauc,unrelated,47,20,0
Cauc,unrelated,48,16,0
Cauc,unrelated,49,21,0
Cauc,unrelated,50,20,0
Cauc,unrelated,51,16,0
Cauc,unrelated,52,21,0
Cauc,unrelated,53,14,0
Cauc,unrelated,54,13,0
Cauc,unrelated,55,19,0
Cauc,unrelated,56,15,0
Cauc,unrelated,57,17,0
Cauc,unrelated,58,15,0
Cauc,unrelated,59,19,0
Cauc,unrelated,60,14,0
Cauc,unrelated,61,16,0
Cauc,unrelated,62,17,0
Cauc,unrelated,63,15,0
Cauc,unrelated,64,15,0
Cauc,unrelated,65,23,0
Cauc,unrelated,66,17,0
Cauc,unrelated,67,18,0
Cauc,unrelated,68,18,0
Cauc,unrelated,69,18,0
Cauc,unrelated,70,15,0
Cauc,unrelated,71,23,0
Cauc,unrelated,72,22,0
Cauc,unrelated,73,20,0
Cauc,unrelated,74,20,0
Cauc,unrelated,75,16,0
Cauc,unrelated,76,15,0
Cauc,unrelated,77,19,0
Cauc,unrelated,78,19,0
Cauc,unrelated,79,17,0
Cauc,unrelated,80,14,0
Cauc,unrelated,81,15,0
Cauc,unrelated,82,17,0
Cauc,unrelated,83,24,0
Cauc,unrelated,84,24,0
Cauc,unrelated,85,12,0
Cauc,unrelated,86,19,0
Cauc,unrelated,87,16,0
Cauc,unrelated,88,14,0
Cauc,unrelated,89,17,0
Cauc,unrelated,90,13,0
Cauc,unrelated,91,16,0
Cauc,unrelated,92,15,0
Cauc,unrelated,93,17,0
Cauc,unrelated,94,21,0
Cauc,unrelated,95,21,0
Cauc,unrelated,96,18,0
Cauc,unrelated,97,21,0
Cauc,unrelated,98,14,0
Cauc,unrelated,99,23,0
Cauc,unrelated,100,14,0
Cauc,unrelated,101,16,0
Cauc,unrelated,102,18,0
Cauc,unrelated,103,17,0
Cauc,unrelated,104,21,0
Cauc,unrelated,105,21,0
Cauc,unrelated,106,17,0
Cauc,unrelated,107,19,0
Cauc,unrelated,108,16,0
Cauc,unrelated,109,14,0
Cauc,unrelated,110,8,0
Cauc,unrelated,111,14,0
Cauc,unrelated,112,15,0
Cauc,unrelated,113,15,0
Cauc,unrelated,114,14,0
Cauc,unrelated,115,17,0
Cauc,unrelated,116,14,0
Cauc,unrelated,117,22,0
Cauc,unrelated,118,15,0
Cauc,unrelated,119,25,0
Cauc,unrelated,120,14,0
Cauc,unrelated,121,16,0
Cauc,unrelated,122,12,0
Cauc,unrelated,123,15,0
Cauc,unrelated,124,13,0
Cauc,unrelated,125,22,0
Cauc,unrelated,126,16,0
Cauc,unrelated,127,20,0
Cauc,unrelated,128,21,0
Cauc,unrelated,129,14,0
Cauc,unrelated,130,13,0
Cauc,unrelated,131,16,0
Cauc,unrelated,132,13,0
Cauc,unrelated,133,11,0
Cauc,unrelated,134,13,0
Cauc,unrelated,135,21,0
Cauc,unrelated,136,19,0
Cauc,unrelated,137,18,0
Cauc,unrelated,138,11,0
Cauc,unrelated,139,24,0
Cauc,unrelated,140,18,0
Cauc,unrelated,141,15,0
Cauc,unrelated,142,16,0
Cauc,unrelated,143,15,0
Cauc,unrelated,144,18,0
Cauc,unrelated,145,16,0
Cauc,unrelated,146,17,0
Cauc,unrelated,147,16,0
Cauc,unrelated,148,17,0
Cauc,unrelated,149,20,0
Cauc,unrelated,150,17,0
Cauc,unrelated,151,23,0
Cauc,unrelated,152,17,0
Cauc,unrelated,153,20,0
Cauc,unrelated,154,20,0
Cauc,unrelated,155,17,0
Cauc,unrelated,156,21,0
Cauc,unrelated,157,14,0
Cauc,unrelated,158,19,0
Cauc,unrelated,159,22,0
Cauc,unrelated,160,13,0
Cauc,unrelated,161,10,0
Cauc,unrelated,162,20,0
Cauc,unrelated,163,19,0
Cauc,unrelated,164,21,0
Cauc,unrelated,165,16,0
Cauc,unrelated,166,16,0
Cauc,unrelated,167,18,0
Cauc,unrelated,168,15,0
Cauc,unrelated,169,17,0
Cauc,unrelated,170,15,0
Cauc,unrelated,171,13,0
Cauc,unrelated,172,12,0
Cauc,unrelated,173,16,0
Cauc,unrelated,174,21,0
Cauc,unrelated,175,15,0
Cauc,unrelated,176,17,0
Cauc,unrelated,177,15,0
Cauc,unrelated,178,17,0
Cauc,unrelated,179,14,0
Cauc,unrelated,180,11,0
Cauc,unrelated,181,17,0
Cauc,unrelated,182,18,0
Cauc,unrelated,183,17,0
Cauc,unrelated,184,17,0
Cauc,unrelated,185,17,0
Cauc,unrelated,186,20,0
Cauc,unrelated,187,19,0
Cauc,unrelated,188,14,0
Cauc,unrelated,189,17,0
Cauc,unrelated,190,13,0
Cauc,unrelated,191,18,0
Cauc,unrelated,192,16,0
Cauc,unrelated,193,18,0
Cauc,unrelated,194,12,0
Cauc,unrelated,195,18,0
Cauc,unrelated,196,19,0
Cauc,unrelated,197,12,0
Cauc,unrelated,198,13,0
Cauc,unrelated,199,21,0
Cauc,unrelated,200,20,0
Cauc,unrelated,201,15,0
Cauc,unrelated,202,10,0
Cauc,unrelated,203,21,0
Cauc,unrelated,204,15,0
Cauc,unrelated,205,19,0
Cauc,unrelated,206,15,0
Cauc,unrelated,207,22,0
Cauc,unrelated,208,18,0
Cauc,unrelated,209,19,0
Cauc,unrelated,210,12,0
Cauc,unrelated,211,17,0
Cauc,unrelated,212,18,0
Cauc,unrelated,213,15,0
Cauc,unrelated,214,19,0
Cauc,unrelated,215,17,0
Cauc,unrelated,216,18,0
Cauc,unrelated,217,14,0
Cauc,unrelated,218,13,0
Cauc,unrelated,219,21,0
Cauc,unrelated,220,17,0
Cauc,unrelated,221,14,0
Cauc,unrelated,222,17,0
Cauc,unrelated,223,17,0
Cauc,unrelated,224,22,0
Cauc,unrelated,225,21,0
Cauc,unrelated,226,16,0
Cauc,unrelated,227,24,0
Cauc,unrelated,228,15,0
Cauc,unrelated,229,19,0
Cauc,unrelated,230,21,0
Cauc,unrelated,231,15,0
Cauc,unrelated,232,23,0
Cauc,unrelated,233,20,0
Cauc,unrelated,234,11,0
Cauc,unrelated,235,13,0
Cauc,unrelated,236,16,0
Cauc,unrelated,237,13,0
Cauc,unrelated,238,12,0
Cauc,unrelated,239,16,0
Cauc,unrelated,240,14,0
Cauc,unrelated,241,15,0
Cauc,unrelated,242,18,0
Cauc,unrelated,243,13,0
Cauc,unrelated,244,16,0
Cauc,unrelated,245,15,0
Cauc,unrelated,246,15,0
Cauc,unrelated,247,19,0
Cauc,unrelated,248,15,0
Cauc,unrelated,249,17,0
Cauc,unrelated,250,15,0
Cauc,unrelated,251,15,0
Cauc,unrelated,252,14,0
Cauc,unrelated,253,18,0
Cauc,unrelated,254,21,0
Cauc,unrelated,255,17,0
Cauc,unrelated,256,16,0
Cauc,unrelated,257,21,0
Cauc,unrelated,258,18,0
Cauc,unrelated,259,15,0
Cauc,unrelated,260,16,0
Cauc,unrelated,261,18,0
Cauc,unrelated,262,22,0
Cauc,unrelated,263,12,0
Cauc,unrelated,264,21,0
Cauc,unrelated,265,15,0
Cauc,unrelated,266,11,0
Cauc,unrelated,267,16,0
Cauc,unrelated,268,20,0
Cauc,unrelated,269,17,0
Cauc,unrelated,270,19,0
Cauc,unrelated,271,15,0
Cauc,unrelated,272,21,0
Cauc,unrelated,273,15,0
Cauc,unrelated,274,19,0
Cauc,unrelated,275,15,0
Cauc,unrelated,276,19,0
Cauc,unrelated,277,17,0
Cauc,unrelated,278,9,0
Cauc,unrelated,279,13,0
Cauc,unrelated,280,18,0
Cauc,unrelated,281,15,0
Cauc,unrelated,282,14,0
Cauc,unrelated,283,16,0
Cauc,unrelated,284,14,0
Cauc,unrelated,285,12,0
Cauc,unrelated,286,16,0
Cauc,unrelated,287,13,0
Cauc,unrelated,288,18,0
Cauc,unrelated,289,14,0
Cauc,unrelated,290,20,0
Cauc,unrelated,291,14,0
Cauc,unrelated,292,17,0
Cauc,unrelated,293,16,0
Cauc,unrelated,294,18,0
Cauc,unrelated,295,12,0
Cauc,unrelated,296,18,0
Cauc,unrelated,297,16,0
Cauc,unrelated,298,20,0
Cauc,unrelated,299,15,0
Cauc,unrelated,300,14,0
Cauc,unrelated,301,15,0
Cauc,unrelated,302,20,0
Cauc,unrelated,303,11,0
Cauc,unrelated,304,15,0
Cauc,unrelated,305,18,0
Cauc,unrelated,306,22,0
Cauc,unrelated,307,18,0
Cauc,unrelated,308,14,0
Cauc,unrelated,309,12,0
Cauc,unrelated,310,15,0
Cauc,unrelated,311,24,0
Cauc,unrelated,312,16,0
Cauc,unrelated,313,13,0
Cauc,unrelated,314,17,0
Cauc,unrelated,315,15,0
Cauc,unrelated,316,26,0
Cauc,unrelated,317,18,0
Cauc,unrelated,318,12,0
Cauc,unrelated,319,17,0
Cauc,unrelated,320,16,0
Cauc,unrelated,321,15,0
Cauc,unrelated,322,18,0
Cauc,unrelated,323,18,0
Cauc,unrelated,324,17,0
Cauc,unrelated,325,14,0
Cauc,unrelated,326,13,0
Cauc,unrelated,327,17,0
Cauc,unrelated,328,20,0
Cauc,unrelated,329,25,0
Cauc,unrelated,330,18,0
Cauc,unrelated,331,16,0
Cauc,unrelated,332,14,0
Cauc,unrelated,333,16,0
Cauc,unrelated,334,19,0
Cauc,unrelated,335,21,0
Cauc,unrelated,336,20,0
Cauc,unrelated,337,17,0
Cauc,unrelated,338,16,0
Cauc,unrelated,339,21,0
Cauc,unrelated,340,20,0
Cauc,unrelated,341,15,0
Cauc,unrelated,342,20,0
Cauc,unrelated,343,21,0
Cauc,unrelated,344,17,0
Cauc,unrelated,345,18,0
Cauc,unrelated,346,14,0
Cauc,unrelated,347,23,0
Cauc,unrelated,348,18,0
Cauc,unrelated,349,16,0
Cauc,unrelated,350,21,0
Cauc,unrelated,351,18,0
Cauc,unrelated,352,14,0
Cauc,unrelated,353,18,0
Cauc,unrelated,354,18,0
Cauc,unrelated,355,20,0
Cauc,unrelated,356,18,0
Cauc,unrelated,357,12,0
Cauc,unrelated,358,21,0
Cauc,unrelated,359,24,0
Cauc,unrelated,360,18,0
Cauc,unrelated,361,16,0
Cauc,unrelated,362,18,0
Cauc,unrelated,363,14,0
Cauc,unrelated,364,20,0
Cauc,unrelated,365,19,0
Cauc,unrelated,366,18,0
Cauc,unrelated,367,15,0
Cauc,unrelated,368,14,0
Cauc,unrelated,369,14,0
Cauc,unrelated,370,17,0
Cauc,unrelated,371,22,0
Cauc,unrelated,372,18,0
Cauc,unrelated,373,19,0
Cauc,unrelated,374,11,0
Cauc,unrelated,375,17,0
Cauc,unrelated,376,14,0
Cauc,unrelated,377,21,0
Cauc,unrelated,378,13,0
Cauc,unrelated,379,21,0
Cauc,unrelated,380,17,0
Cauc,unrelated,381,18,0
Cauc,unrelated,382,18,0
Cauc,unrelated,383,18,0
Cauc,unrelated,384,21,0
Cauc,unrelated,385,16,0
Cauc,unrelated,386,10,0
Cauc,unrelated,387,19,0
Cauc,unrelated,388,12,0
Cauc,unrelated,389,18,0
Cauc,unrelated,390,16,0
Cauc,unrelated,391,12,0
Cauc,unrelated,392,16,0
Cauc,unrelated,393,16,0
Cauc,unrelated,394,20,0
Cauc,unrelated,395,15,0
Cauc,unrelated,396,19,0
Cauc,unrelated,397,13,0
Cauc,unrelated,398,16,0
Cauc,unrelated,399,19,0
Cauc,unrelated,400,15,0
Cauc,unrelated,401,19,0
Cauc,unrelated,402,20,0
Cauc,unrelated,403,17,0
Cauc,unrelated,404,20,0
Cauc,unrelated,405,14,0
Cauc,unrelated,406,16,0
Cauc,unrelated,407,18,0
Cauc,unrelated,408,13,0
Cauc,unrelated,409,21,0
Cauc,unrelated,410,16,0
Cauc,unrelated,411,18,0
Cauc,unrelated,412,14,0
Cauc,unrelated,413,15,0
Cauc,unrelated,414,17,0
Cauc,unrelated,415,19,0
Cauc,unrelated,416,15,0
Cauc,unrelated,417,20,0
Cauc,unrelated,418,17,0
Cauc,unrelated,419,16,0
Cauc,unrelated,420,15,0
Cauc,unrelated,421,15,0
Cauc,unrelated,422,17,0
Cauc,unrelated,423,13,0
Cauc,unrelated,424,13,0
Cauc,unrelated,425,13,0
Cauc,unrelated,426,18,0
Cauc,unrelated,427,14,0
Cauc,unrelated,428,18,0
Cauc,unrelated,429,18,0
Cauc,unrelated,430,18,0
Cauc,unrelated,431,17,0
Cauc,unrelated,432,12,0
Cauc,unrelated,433,14,0
Cauc,unrelated,434,19,0
Cauc,unrelated,435,16,0
Cauc,unrelated,436,15,0
Cauc,unrelated,437,14,0
Cauc,unrelated,438,16,0
Cauc,unrelated,439,15,0
Cauc,unrelated,440,16,0
Cauc,unrelated,441,22,0
Cauc,unrelated,442,18,0
Cauc,unrelated,443,15,0
Cauc,unrelated,444,12,0
Cauc,unrelated,445,18,0
Cauc,unrelated,446,13,0
Cauc,unrelated,447,13,0
Cauc,unrelated,448,19,0
Cauc,unrelated,449,16,0
Cauc,unrelated,450,20,0
Cauc,unrelated,451,15,0
Cauc,unrelated,452,16,0
Cauc,unrelated,453,20,0
Cauc,unrelated,454,17,0
Cauc,unrelated,455,18,0
Cauc,unrelated,456,17,0
Cauc,unrelated,457,17,0
Cauc,unrelated,458,19,0
Cauc,unrelated,459,13,0
Cauc,unrelated,460,20,0
Cauc,unrelated,461,18,0
Cauc,unrelated,462,19,0
Cauc,unrelated,463,15,0
Cauc,unrelated,464,25,0
Cauc,unrelated,465,16,0
Cauc,unrelated,466,15,0
Cauc,unrelated,467,23,0
Cauc,unrelated,468,12,0
Cauc,unrelated,469,12,0
Cauc,unrelated,470,17,0
Cauc,unrelated,471,18,0
Cauc,unrelated,472,18,0
Cauc,unrelated,473,17,0
Cauc,unrelated,474,11,0
Cauc,unrelated,475,14,0
Cauc,unrelated,476,15,0
Cauc,unrelated,477,18,0
Cauc,unrelated,478,14,0
Cauc,unrelated,479,22,0
Cauc,unrelated,480,19,0
Cauc,unrelated,481,16,0
Cauc,unrelated,482,16,0
Cauc,unrelated,483,16,0
Cauc,unrelated,484,14,0
Cauc,unrelated,485,17,0
Cauc,unrelated,486,17,0
Cauc,unrelated,487,14,0
Cauc,unrelated,488,14,0
Cauc,unrelated,489,22,0
Cauc,unrelated,490,11,0
Cauc,unrelated,491,17,0
Cauc,unrelated,492,17,0
Cauc,unrelated,493,17,0
Cauc,unrelated,494,20,0
Cauc,unrelated,495,18,0
Cauc,unrelated,496,11,0
Cauc,unrelated,497,12,0
Cauc,unrelated,498,17,0
Cauc,unrelated,499,24,0
Cauc,unrelated,500,14,0
Cauc,unrelated,501,18,0
Cauc,unrelated,502,15,0
Cauc,unrelated,503,16,0
Cauc,unrelated,504,21,0
Cauc,unrelated,505,17,0
Cauc,unrelated,506,22,0
Cauc,unrelated,507,9,0
Cauc,unrelated,508,15,0
Cauc,unrelated,509,17,0
Cauc,unrelated,510,18,0
Cauc,unrelated,511,14,0
Cauc,unrelated,512,18,0
Cauc,unrelated,513,24,0
Cauc,unrelated,514,18,0
Cauc,unrelated,515,17,0
Cauc,unrelated,516,16,0
Cauc,unrelated,517,13,0
Cauc,unrelated,518,16,0
Cauc,unrelated,519,20,0
Cauc,unrelated,520,21,0
Cauc,unrelated,521,15,0
Cauc,unrelated,522,13,0
Cauc,unrelated,523,16,0
Cauc,unrelated,524,19,0
Cauc,unrelated,525,15,0
Cauc,unrelated,526,12,0
Cauc,unrelated,527,19,0
Cauc,unrelated,528,15,0
Cauc,unrelated,529,17,0
Cauc,unrelated,530,19,0
Cauc,unrelated,531,18,0
Cauc,unrelated,532,14,0
Cauc,unrelated,533,13,0
Cauc,unrelated,534,17,0
Cauc,unrelated,535,21,0
Cauc,unrelated,536,16,0
Cauc,unrelated,537,20,0
Cauc,unrelated,538,20,0
Cauc,unrelated,539,20,0
Cauc,unrelated,540,18,0
Cauc,unrelated,541,13,0
Cauc,unrelated,542,16,0
Cauc,unrelated,543,19,0
Cauc,unrelated,544,14,0
Cauc,unrelated,545,22,0
Cauc,unrelated,546,20,0
Cauc,unrelated,547,19,0
Cauc,unrelated,548,21,0
Cauc,unrelated,549,14,0
Cauc,unrelated,550,16,0
Cauc,unrelated,551,14,0
Cauc,unrelated,552,14,0
Cauc,unrelated,553,18,0
Cauc,unrelated,554,16,0
Cauc,unrelated,555,16,0
Cauc,unrelated,556,21,0
Cauc,unrelated,557,16,0
Cauc,unrelated,558,13,0
Cauc,unrelated,559,18,0
Cauc,unrelated,560,16,0
Cauc,unrelated,561,20,0
Cauc,unrelated,562,16,0
Cauc,unrelated,563,19,0
Cauc,unrelated,564,20,0
Cauc,unrelated,565,20,0
Cauc,unrelated,566,16,0
Cauc,unrelated,567,14,0
Cauc,unrelated,568,13,0
Cauc,unrelated,569,14,0
Cauc,unrelated,570,14,0
Cauc,unrelated,571,16,0
Cauc,unrelated,572,19,0
Cauc,unrelated,573,19,0
Cauc,unrelated,574,14,0
Cauc,unrelated,575,17,0
Cauc,unrelated,576,14,0
Cauc,unrelated,577,13,0
Cauc,unrelated,578,19,0
Cauc,unrelated,579,21,0
Cauc,unrelated,580,15,0
Cauc,unrelated,581,23,0
Cauc,unrelated,582,17,0
Cauc,unrelated,583,21,0
Cauc,unrelated,584,12,0
Cauc,unrelated,585,14,0
Cauc,unrelated,586,18,0
Cauc,unrelated,587,11,0
Cauc,unrelated,588,16,0
Cauc,unrelated,589,17,0
Cauc,unrelated,590,18,0
Cauc,unrelated,591,13,0
Cauc,unrelated,592,15,0
Cauc,unrelated,593,14,0
Cauc,unrelated,594,19,0
Cauc,unrelated,595,18,0
Cauc,unrelated,596,15,0
Cauc,unrelated,597,18,0
Cauc,unrelated,598,21,0
Cauc,unrelated,599,13,0
Cauc,unrelated,600,18,0
Cauc,unrelated,601,16,0
Cauc,unrelated,602,15,0
Cauc,unrelated,603,21,0
Cauc,unrelated,604,20,0
Cauc,unrelated,605,19,0
Cauc,unrelated,606,16,0
Cauc,unrelated,607,24,0
Cauc,unrelated,608,17,0
Cauc,unrelated,609,19,0
Cauc,unrelated,610,13,0
Cauc,unrelated,611,21,0
Cauc,unrelated,612,23,0
Cauc,unrelated,613,23,0
Cauc,unrelated,614,16,0
Cauc,unrelated,615,22,0
Cauc,unrelated,616,15,0
Cauc,unrelated,617,12,0
Cauc,unrelated,618,19,0
Cauc,unrelated,619,19,0
Cauc,unrelated,620,15,0
Cauc,unrelated,621,19,0
Cauc,unrelated,622,13,0
Cauc,unrelated,623,13,0
Cauc,unrelated,624,12,0
Cauc,unrelated,625,19,0
Cauc,unrelated,626,15,0
Cauc,unrelated,627,13,0
Cauc,unrelated,628,18,0
Cauc,unrelated,629,18,0
Cauc,unrelated,630,19,0
Cauc,unrelated,631,17,0
Cauc,unrelated,632,15,0
Cauc,unrelated,633,14,0
Cauc,unrelated,634,16,0
Cauc,unrelated,635,10,0
Cauc,unrelated,636,15,0
Cauc,unrelated,637,18,0
Cauc,unrelated,638,16,0
Cauc,unrelated,639,17,0
Cauc,unrelated,640,18,0
Cauc,unrelated,641,9,0
Cauc,unrelated,642,12,0
Cauc,unrelated,643,20,0
Cauc,unrelated,644,19,0
Cauc,unrelated,645,14,0
Cauc,unrelated,646,11,0
Cauc,unrelated,647,13,0
Cauc,unrelated,648,13,0
Cauc,unrelated,649,18,0
Cauc,unrelated,650,20,0
Cauc,unrelated,651,15,0
Cauc,unrelated,652,15,0
Cauc,unrelated,653,18,0
Cauc,unrelated,654,15,0
Cauc,unrelated,655,14,0
Cauc,unrelated,656,16,0
Cauc,unrelated,657,16,0
Cauc,unrelated,658,26,0
Cauc,unrelated,659,22,0
Cauc,unrelated,660,19,0
Cauc,unrelated,661,19,0
Cauc,unrelated,662,18,0
Cauc,unrelated,663,15,0
Cauc,unrelated,664,21,0
Cauc,unrelated,665,20,0
Cauc,unrelated,666,23,0
Cauc,unrelated,667,17,0
Cauc,unrelated,668,21,0
Cauc,unrelated,669,16,0
Cauc,unrelated,670,17,0
Cauc,unrelated,671,18,0
Cauc,unrelated,672,18,0
Cauc,unrelated,673,18,0
Cauc,unrelated,674,15,0
Cauc,unrelated,675,19,0
Cauc,unrelated,676,17,0
Cauc,unrelated,677,20,0
Cauc,unrelated,678,18,0
Cauc,unrelated,679,21,0
Cauc,unrelated,680,15,0
Cauc,unrelated,681,8,0
Cauc,unrelated,682,17,0
Cauc,unrelated,683,12,0
Cauc,unrelated,684,22,0
Cauc,unrelated,685,20,0
Cauc,unrelated,686,15,0
Cauc,unrelated,687,13,0
Cauc,unrelated,688,17,0
Cauc,unrelated,689,16,0
Cauc,unrelated,690,18,0
Cauc,unrelated,691,12,0
Cauc,unrelated,692,24,0
Cauc,unrelated,693,12,0
Cauc,unrelated,694,18,0
Cauc,unrelated,695,19,0
Cauc,unrelated,696,13,0
Cauc,unrelated,697,20,0
Cauc,unrelated,698,21,0
Cauc,unrelated,699,14,0
Cauc,unrelated,700,17,0
Cauc,unrelated,701,16,0
Cauc,unrelated,702,13,0
Cauc,unrelated,703,14,0
Cauc,unrelated,704,19,0
Cauc,unrelated,705,20,0
Cauc,unrelated,706,13,0
Cauc,unrelated,707,12,0
Cauc,unrelated,708,18,0
Cauc,unrelated,709,13,0
Cauc,unrelated,710,14,0
Cauc,unrelated,711,15,0
Cauc,unrelated,712,15,0
Cauc,unrelated,713,16,0
Cauc,unrelated,714,15,0
Cauc,unrelated,715,15,0
Cauc,unrelated,716,18,0
Cauc,unrelated,717,14,0
Cauc,unrelated,718,11,0
Cauc,unrelated,719,19,0
Cauc,unrelated,720,15,0
Cauc,unrelated,721,20,0
Cauc,unrelated,722,15,0
Cauc,unrelated,723,16,0
Cauc,unrelated,724,15,0
Cauc,unrelated,725,15,0
Cauc,unrelated,726,22,0
Cauc,unrelated,727,17,0
Cauc,unrelated,728,20,0
Cauc,unrelated,729,16,0
Cauc,unrelated,730,18,0
Cauc,unrelated,731,15,0
Cauc,unrelated,732,15,0
Cauc,unrelated,733,19,0
Cauc,unrelated,734,18,0
Cauc,unrelated,735,18,0
Cauc,unrelated,736,16,0
Cauc,unrelated,737,12,0
Cauc,unrelated,738,16,0
Cauc,unrelated,739,17,0
Cauc,unrelated,740,19,0
Cauc,unrelated,741,17,0
Cauc,unrelated,742,14,0
Cauc,unrelated,743,17,0
Cauc,unrelated,744,15,0
Cauc,unrelated,745,16,0
Cauc,unrelated,746,18,0
Cauc,unrelated,747,15,0
Cauc,unrelated,748,17,0
Cauc,unrelated,749,18,0
Cauc,unrelated,750,18,0
Cauc,unrelated,751,10,0
Cauc,unrelated,752,16,0
Cauc,unrelated,753,13,0
Cauc,unrelated,754,17,0
Cauc,unrelated,755,16,0
Cauc,unrelated,756,20,0
Cauc,unrelated,757,13,0
Cauc,unrelated,758,16,0
Cauc,unrelated,759,22,0
Cauc,unrelated,760,17,0
Cauc,unrelated,761,17,0
Cauc,unrelated,762,20,0
Cauc,unrelated,763,24,0
Cauc,unrelated,764,18,0
Cauc,unrelated,765,19,0
Cauc,unrelated,766,17,0
Cauc,unrelated,767,20,0
Cauc,unrelated,768,16,0
Cauc,unrelated,769,15,0
Cauc,unrelated,770,16,0
Cauc,unrelated,771,16,0
Cauc,unrelated,772,17,0
Cauc,unrelated,773,14,0
Cauc,unrelated,774,18,0
Cauc,unrelated,775,21,0
Cauc,unrelated,776,13,0
Cauc,unrelated,777,17,0
Cauc,unrelated,778,10,0
Cauc,unrelated,779,17,0
Cauc,unrelated,780,21,0
Cauc,unrelated,781,19,0
Cauc,unrelated,782,22,0
Cauc,unrelated,783,15,0
Cauc,unrelated,784,16,0
Cauc,unrelated,785,20,0
Cauc,unrelated,786,18,0
Cauc,unrelated,787,14,0
Cauc,unrelated,788,18,0
Cauc,unrelated,789,21,0
Cauc,unrelated,790,14,0
Cauc,unrelated,791,13,0
Cauc,unrelated,792,20,0
Cauc,unrelated,793,14,0
Cauc,unrelated,794,21,0
Cauc,unrelated,795,16,0
Cauc,unrelated,796,25,0
Cauc,unrelated,797,14,0
Cauc,unrelated,798,12,0
Cauc,unrelated,799,18,0
Cauc,unrelated,800,24,0
Cauc,unrelated,801,23,0
Cauc,unrelated,802,17,0
Cauc,unrelated,803,18,0
Cauc,unrelated,804,17,0
Cauc,unrelated,805,18,0
Cauc,unrelated,806,20,0
Cauc,unrelated,807,22,0
Cauc,unrelated,808,19,0
Cauc,unrelated,809,16,0
Cauc,unrelated,810,18,0
Cauc,unrelated,811,13,0
Cauc,unrelated,812,16,0
Cauc,unrelated,813,21,0
Cauc,unrelated,814,15,0
Cauc,unrelated,815,12,0
Cauc,unrelated,816,15,0
Cauc,unrelated,817,19,0
Cauc,unrelated,818,18,0
Cauc,unrelated,819,18,0
Cauc,unrelated,820,14,0
Cauc,unrelated,821,15,0
Cauc,unrelated,822,22,0
Cauc,unrelated,823,14,0
Cauc,unrelated,824,15,0
Cauc,unrelated,825,16,0
Cauc,unrelated,826,13,0
Cauc,unrelated,827,20,0
Cauc,unrelated,828,13,0
Cauc,unrelated,829,20,0
Cauc,unrelated,830,15,0
Cauc,unrelated,831,17,0
Cauc,unrelated,832,13,0
Cauc,unrelated,833,17,0
Cauc,unrelated,834,20,0
Cauc,unrelated,835,19,0
Cauc,unrelated,836,16,0
Cauc,unrelated,837,16,0
Cauc,unrelated,838,11,0
Cauc,unrelated,839,20,0
Cauc,unrelated,840,19,0
Cauc,unrelated,841,14,0
Cauc,unrelated,842,17,0
Cauc,unrelated,843,18,0
Cauc,unrelated,844,16,0
Cauc,unrelated,845,15,0
Cauc,unrelated,846,21,0
Cauc,unrelated,847,14,0
Cauc,unrelated,848,23,0
Cauc,unrelated,849,15,0
Cauc,unrelated,850,21,0
Cauc,unrelated,851,21,0
Cauc,unrelated,852,11,0
Cauc,unrelated,853,20,0
Cauc,unrelated,854,16,0
Cauc,unrelated,855,17,0
Cauc,unrelated,856,20,0
Cauc,unrelated,857,21,0
Cauc,unrelated,858,13,0
Cauc,unrelated,859,16,0
Cauc,unrelated,860,21,0
Cauc,unrelated,861,16,0
Cauc,unrelated,862,16,0
Cauc,unrelated,863,14,0
Cauc,unrelated,864,17,0
Cauc,unrelated,865,17,0
Cauc,unrelated,866,20,0
Cauc,unrelated,867,13,0
Cauc,unrelated,868,14,0
Cauc,unrelated,869,21,0
Cauc,unrelated,870,12,0
Cauc,unrelated,871,14,0
Cauc,unrelated,872,19,0
Cauc,unrelated,873,16,0
Cauc,unrelated,874,14,0
Cauc,unrelated,875,16,0
Cauc,unrelated,876,14,0
Cauc,unrelated,877,19,0
Cauc,unrelated,878,17,0
Cauc,unrelated,879,15,0
Cauc,unrelated,880,17,0
Cauc,unrelated,881,15,0
Cauc,unrelated,882,12,0
Cauc,unrelated,883,17,0
Cauc,unrelated,884,19,0
Cauc,unrelated,885,20,0
Cauc,unrelated,886,16,0
Cauc,unrelated,887,18,0
Cauc,unrelated,888,12,0
Cauc,unrelated,889,23,0
Cauc,unrelated,890,13,0
Cauc,unrelated,891,13,0
Cauc,unrelated,892,17,0
Cauc,unrelated,893,23,0
Cauc,unrelated,894,15,0
Cauc,unrelated,895,18,0
Cauc,unrelated,896,16,0
Cauc,unrelated,897,20,0
Cauc,unrelated,898,20,0
Cauc,unrelated,899,19,0
Cauc,unrelated,900,15,0
Cauc,unrelated,901,13,0
Cauc,unrelated,902,16,0
Cauc,unrelated,903,17,0
Cauc,unrelated,904,16,0
Cauc,unrelated,905,19,0
Cauc,unrelated,906,11,0
Cauc,unrelated,907,18,0
Cauc,unrelated,908,15,0
Cauc,unrelated,909,21,0
Cauc,unrelated,910,18,0
Cauc,unrelated,911,12,0
Cauc,unrelated,912,17,0
Cauc,unrelated,913,14,0
Cauc,unrelated,914,21,0
Cauc,unrelated,915,16,0
Cauc,unrelated,916,17,0
Cauc,unrelated,917,14,0
Cauc,unrelated,918,13,0
Cauc,unrelated,919,15,0
Cauc,unrelated,920,18,0
Cauc,unrelated,921,14,0
Cauc,unrelated,922,14,0
Cauc,unrelated,923,15,0
Cauc,unrelated,924,14,0
Cauc,unrelated,925,20,0
Cauc,unrelated,926,19,0
Cauc,unrelated,927,19,0
Cauc,unrelated,928,19,0
Cauc,unrelated,929,14,0
Cauc,unrelated,930,15,0
Cauc,unrelated,931,21,0
Cauc,unrelated,932,23,0
Cauc,unrelated,933,17,0
Cauc,unrelated,934,20,0
Cauc,unrelated,935,15,0
Cauc,unrelated,936,25,0
Cauc,unrelated,937,17,0
Cauc,unrelated,938,16,0
Cauc,unrelated,939,15,0
Cauc,unrelated,940,11,0
Cauc,unrelated,941,20,0
Cauc,unrelated,942,20,0
Cauc,unrelated,943,21,0
Cauc,unrelated,944,18,0
Cauc,unrelated,945,19,0
Cauc,unrelated,946,17,0
Cauc,unrelated,947,14,0
Cauc,unrelated,948,22,0
Cauc,unrelated,949,19,0
Cauc,unrelated,950,14,0
Cauc,unrelated,951,13,0
Cauc,unrelated,952,19,0
Cauc,unrelated,953,14,0
Cauc,unrelated,954,17,0
Cauc,unrelated,955,19,0
Cauc,unrelated,956,16,0
Cauc,unrelated,957,17,0
Cauc,unrelated,958,17,0
Cauc,unrelated,959,20,0
Cauc,unrelated,960,20,0
Cauc,unrelated,961,11,0
Cauc,unrelated,962,18,0
Cauc,unrelated,963,14,0
Cauc,unrelated,964,18,0
Cauc,unrelated,965,13,0
Cauc,unrelated,966,20,0
Cauc,unrelated,967,21,0
Cauc,unrelated,968,20,0
Cauc,unrelated,969,14,0
Cauc,unrelated,970,13,0
Cauc,unrelated,971,17,0
Cauc,unrelated,972,14,0
Cauc,unrelated,973,19,0
Cauc,unrelated,974,21,0
Cauc,unrelated,975,20,0
Cauc,unrelated,976,14,0
Cauc,unrelated,977,17,0
Cauc,unrelated,978,17,0
Cauc,unrelated,979,15,0
Cauc,unrelated,980,16,0
Cauc,unrelated,981,19,0
Cauc,unrelated,982,18,0
Cauc,unrelated,983,17,0
Cauc,unrelated,984,18,0
Cauc,unrelated,985,20,0
Cauc,unrelated,986,16,0
Cauc,unrelated,987,16,0
Cauc,unrelated,988,20,0
Cauc,unrelated,989,14,0
Cauc,unrelated,990,18,0
Cauc,unrelated,991,22,0
Cauc,unrelated,992,17,0
Cauc,unrelated,993,19,0
Cauc,unrelated,994,15,0
Cauc,unrelated,995,14,0
Cauc,unrelated,996,17,0
Cauc,unrelated,997,18,0
Cauc,unrelated,998,14,0
Cauc,unrelated,999,18,0
Cauc,unrelated,1000,22,0
Hispanic,parent_child,1,38,50.72639641862126
Hispanic,parent_child,2,36,53.844265951504745
Hispanic,parent_child,3,35,54.92798001823448
Hispanic,parent_child,4,34,54.06652363966689
Hispanic,parent_child,5,37,48.58603407945757
Hispanic,parent_child,6,29,58.478675692048746
Hispanic,parent_child,7,32,52.73544647731437
Hispanic,parent_child,8,34,53.939264358926714
Hispanic,parent_child,9,35,48.18666979549095
Hispanic,parent_child,10,30,60.97480004289295
Hispanic,parent_child,11,35,53.259744639032846
Hispanic,parent_child,12,31,53.61645216707284
Hispanic,parent_child,13,30,55.41438115017661
Hispanic,parent_child,14,30,53.74251201601449
Hispanic,parent_child,15,31,50.63630639689645
Hispanic,parent_child,16,32,54.96879613793168
Hispanic,parent_child,17,32,58.45950177406145
Hispanic,parent_child,18,30,54.73205118106198
Hispanic,parent_child,19,33,50.63643902738471
Hispanic,parent_child,20,31,50.36205205134498
Hispanic,parent_child,21,33,55.591299424953206
Hispanic,parent_child,22,32,53.325857931910086
Hispanic,parent_child,23,33,53.24253895649374
Hispanic,parent_child,24,36,56.810874241518135
Hispanic,parent_child,25,34,51.26624508587175
Hispanic,parent_child,26,32,54.53229272072837
Hispanic,parent_child,27,34,56.03343774409772
Hispanic,parent_child,28,34,53.33310610122741
Hispanic,parent_child,29,37,45.35063490236435
Hispanic,parent_child,30,30,57.0623562566006
Hispanic,parent_child,31,34,54.66379120469444
Hispanic,parent_child,32,31,57.71028994691592
Hispanic,parent_child,33,33,57.433461133882986
Hispanic,parent_child,34,34,50.66572293302602
Hispanic,parent_child,35,35,48.378957304988056
Hispanic,parent_child,36,33,56.77663713598891
Hispanic,parent_child,37,33,52.89830328347866
Hispanic,parent_child,38,32,50.27603901137893
Hispanic,parent_child,39,35,60.852594268185634
Hispanic,parent_child,40,33,53.18851854231252
Hispanic,parent_child,41,33,58.3627281679551
Hispanic,parent_child,42,35,51.3053225357846
Hispanic,parent_child,43,35,53.390071870573955
Hispanic,parent_child,44,33,59.23484737715699
Hispanic,parent_child,45,33,52.46341330921403
Hispanic,parent_child,46,34,52.558640131844385
Hispanic,parent_child,47,33,57.831530983338084
Hispanic,parent_child,48,31,57.425619220504885
Hispanic,parent_child,49,30,56.14632242286838
Hispanic,parent_child,50,33,52.20410631370515
Hispanic,parent_child,51,37,47.25299017286166
Hispanic,parent_child,52,36,56.5879221379134
Hispanic,parent_child,53,31,62.94340536153879
Hispanic,parent_child,54,32,56.8449696409916
Hispanic,parent_child,55,31,55.59403462979189
Hispanic,parent_child,56,33,58.4016245683096
Hispanic,parent_child,57,35,51.95573507246282
Hispanic,parent_child,58,30,55.349112725828576
Hispanic,parent_child,59,33,59.1900522824846
Hispanic,parent_child,60,34,57.99592128016057
Hispanic,parent_child,61,35,49.404887370026806
Hispanic,parent_child,62,33,61.05624011906646
Hispanic,parent_child,63,34,59.33077493758205
Hispanic,parent_child,64,32,49.72699943586154
Hispanic,parent_child,65,32,58.22766237982857
Hispanic,parent_child,66,31,52.93523017822203
Hispanic,parent_child,67,34,54.102452590868744
Hispanic,parent_child,68,34,51.68651470202066
Hispanic,parent_child,69,36,46.80297731624251
Hispanic,parent_child,70,29,53.39572778153078
Hispanic,parent_child,71,34,58.229362468420454
Hispanic,parent_child,72,31,55.4561376671835
Hispanic,parent_child,73,32,52.84521751256762
Hispanic,parent_child,74,32,52.94815295449314
Hispanic,parent_child,75,31,54.43351815314438
Hispanic,parent_child,76,31,55.640907138691595
Hispanic,parent_child,77,34,57.43812414907322
Hispanic,parent_child,78,31,49.47729029943058
Hispanic,parent_child,79,32,51.24736221505049
Hispanic,parent_child,80,35,52.06935296435275
Hispanic,parent_child,81,32,50.20618920645913
Hispanic,parent_child,82,32,50.364072724648295
Hispanic,parent_child,83,35,54.18337100419338
Hispanic,parent_child,84,32,54.452619191858346
Hispanic,parent_child,85,36,46.54888291831058
Hispanic,parent_child,86,34,49.11710716637522
Hispanic,parent_child,87,31,52.2834485857757
Hispanic,parent_child,88,33,53.56562403362356
Hispanic,parent_child,89,33,54.950701873436266
Hispanic,parent_child,90,30,51.64598449689218
Hispanic,parent_child,91,32,50.45077889535968
Hispanic,parent_child,92,32,56.65308304334776
Hispanic,parent_child,93,34,51.17441748270289
Hispanic,parent_child,94,31,55.702096038197425
Hispanic,parent_child,95,36,48.61568153366723
Hispanic,parent_child,96,38,48.083787174737786
Hispanic,parent_child,97,32,52.310113714739614
Hispanic,parent_child,98,35,52.71601961776211
Hispanic,parent_child,99,35,50.1285458718416
Hispanic,parent_child,100,32,60.91713345107175
Hispanic,parent_child,101,33,55.22218360468902
Hispanic,parent_child,102,34,49.07927136929218
Hispanic,parent_child,103,35,50.11512135440636
Hispanic,parent_child,104,30,59.09120443749595
Hispanic,parent_child,105,32,48.52422958098305
Hispanic,parent_child,106,37,48.01860250546602
Hispanic,parent_child,107,38,46.65317802348178
Hispanic,parent_child,108,33,52.75567554910313
Hispanic,parent_child,109,32,51.36829981912524
Hispanic,parent_child,110,33,55.8508671880209
Hispanic,parent_child,111,34,54.618503518766275
Hispanic,parent_child,112,31,52.677000389709505
Hispanic,parent_child,113,36,47.376159840851
Hispanic,parent_child,114,33,55.70222329113874
Hispanic,parent_child,115,33,51.543707751458996
Hispanic,parent_child,116,31,61.20836797203666
Hispanic,parent_child,117,36,52.41843747932074
Hispanic,parent_child,118,33,58.779361127131004
Hispanic,parent_child,119,32,47.17432259918728
Hispanic,parent_child,120,34,53.92996318786729
Hispanic,parent_child,121,32,56.54186319756073
Hispanic,parent_child,122,34,53.17232315994363
Hispanic,parent_child,123,32,57.316134935101125
Hispanic,parent_child,124,32,56.75431456438533
Hispanic,parent_child,125,34,50.982875466205904
Hispanic,parent_child,126,33,50.138294311850615
Hispanic,parent_child,127,33,61.171289979131636
Hispanic,parent_child,128,38,54.0644422751544
Hispanic,parent_child,129,34,57.248458027691235
Hispanic,parent_child,130,32,53.62088112314969
Hispanic,parent_child,131,32,54.53490933948789
Hispanic,parent_child,132,34,53.6815922342676
Hispanic,parent_child,133,35,56.75276917221022
Hispanic,parent_child,134,37,51.01089923634742
Hispanic,parent_child,135,31,53.336031541658365
Hispanic,parent_child,136,31,61.85287641638197
Hispanic,parent_child,137,33,50.13069426413563
Hispanic,parent_child,138,31,55.850144037217895
Hispanic,parent_child,139,31,58.848157033209624
Hispanic,parent_child,140,32,56.22566863817733
Hispanic,parent_child,141,34,56.164462972174235
Hispanic,parent_child,142,32,53.52988746214538
Hispanic,parent_child,143,35,49.69494453604762
Hispanic,parent_child,144,32,53.03821772194067
Hispanic,parent_child,145,32,57.29191783029152
Hispanic,parent_child,146,37,50.26392188432649
Hispanic,parent_child,147,34,56.204881703067805
Hispanic,parent_child,148,31,62.795095786018166
Hispanic,parent_child,149,32,57.08414829947441
Hispanic,parent_child,150,33,57.297700954849276
Hispanic,parent_child,151,30,53.550655153444204
Hispanic,parent_child,152,31,65.12686203075047
Hispanic,parent_child,153,31,58.57724965209776
Hispanic,parent_child,154,35,52.19211439815478
Hispanic,parent_child,155,36,53.39954386913259
Hispanic,parent_child,156,37,50.961618388116115
Hispanic,parent_child,157,30,55.945574993673716
Hispanic,parent_child,158,33,52.82381786820094
Hispanic,parent_child,159,33,50.2274775967257
Hispanic,parent_child,160,32,47.76571045228687
Hispanic,parent_child,161,32,56.79898372157314
Hispanic,parent_child,162,35,60.641554146782504
Hispanic,parent_child,163,31,61.01494676539672
Hispanic,parent_child,164,33,53.87037054529925
Hispanic,parent_child,165,33,58.06456865464252
Hispanic,parent_child,166,33,58.55292523186223
Hispanic,parent_child,167,32,55.15398720956042
Hispanic,parent_child,168,34,48.767370347068955
Hispanic,parent_child,169,31,52.56308486845627
Hispanic,parent_child,170,32,58.73657956207903
Hispanic,parent_child,171,35,53.37119875503089
Hispanic,parent_child,172,38,52.555906004310245
Hispanic,parent_child,173,32,53.75817055504628
Hispanic,parent_child,174,31,50.56640140213867
Hispanic,parent_child,175,36,53.50520288199149
Hispanic,parent_child,176,32,52.48173158078759
Hispanic,parent_child,177,36,47.16283806152539
Hispanic,parent_child,178,34,63.48742707232249
Hispanic,parent_child,179,36,52.908978171474054
Hispanic,parent_child,180,33,54.03555757796248
Hispanic,parent_child,181,33,52.809639885775304
Hispanic,parent_child,182,32,54.38083255191384
Hispanic,parent_child,183,33,54.85435340282279
Hispanic,parent_child,184,34,54.30403375133253
Hispanic,parent_child,185,33,54.18448302594214
Hispanic,parent_child,186,34,49.28491626238788
Hispanic,parent_child,187,32,53.12081377159191
Hispanic,parent_child,188,34,48.73322352985722
Hispanic,parent_child,189,33,58.380569503704166
Hispanic,parent_child,190,31,54.009847346309954
Hispanic,parent_child,191,33,51.11638075875647
Hispanic,parent_child,192,35,52.48342987996107
Hispanic,parent_child,193,31,53.68048158829824
Hispanic,parent_child,194,31,57.608000302281056
Hispanic,parent_child,195,37,51.70938938125843
Hispanic,parent_child,196,29,55.6572631884477
Hispanic,parent_child,197,35,59.76981326104433
Hispanic,parent_child,198,37,50.79159805612246
Hispanic,parent_child,199,33,58.093279307721225
Hispanic,parent_child,200,31,56.5026146882891
Hispanic,parent_child,201,31,63.929499342379856
Hispanic,parent_child,202,33,52.1068085615134
Hispanic,parent_child,203,35,50.13359185967758
Hispanic,parent_child,204,34,55.1124621738444
Hispanic,parent_child,205,33,50.653927975620114
Hispanic,parent_child,206,36,48.43052888549172
Hispanic,parent_child,207,34,49.57224604231997
Hispanic,parent_child,208,33,52.859475732551275
Hispanic,parent_child,209,34,48.19944991850692
Hispanic,parent_child,210,36,47.18768936292913
Hispanic,parent_child,211,32,59.92462189112931
Hispanic,parent_child,212,36,43.24729085486682
Hispanic,parent_child,213,33,55.99683915680656
Hispanic,parent_child,214,32,53.030663681893174
Hispanic,parent_child,215,37,48.299754998650776
Hispanic,parent_child,216,33,53.44975459057212
Hispanic,parent_child,217,35,50.94537356787234
Hispanic,parent_child,218,35,47.83483592069724
Hispanic,parent_child,219,35,53.798931068611154
Hispanic,parent_child,220,35,53.54818085696622
Hispanic,parent_child,221,32,57.439409072371376
Hispanic,parent_child,222,32,51.29123324749287
Hispanic,parent_child,223,30,52.94515192959918
Hispanic,parent_child,224,31,56.9907178430742
Hispanic,parent_child,225,32,56.861758441755605
Hispanic,parent_child,226,33,53.178389496346114
Hispanic,parent_child,227,33,48.18769305474055
Hispanic,parent_child,228,32,48.89998008348554
Hispanic,parent_child,229,33,54.73697946911878
Hispanic,parent_child,230,35,54.61007645971301
Hispanic,parent_child,231,33,52.785821500218844
Hispanic,parent_child,232,32,55.927548126898245
Hispanic,parent_child,233,33,51.35983786608851
Hispanic,parent_child,234,30,51.69888564054977
Hispanic,parent_child,235,34,48.41744103548401
Hispanic,parent_child,236,33,56.93478731975933
Hispanic,parent_child,237,31,62.638814184397006
Hispanic,parent_child,238,32,57.00069091692855
Hispanic,parent_child,239,33,56.76222695890111
Hispanic,parent_child,240,34,51.85204348605623
Hispanic,parent_child,241,32,49.77421844961429
Hispanic,parent_child,242,32,55.84545565897928
Hispanic,parent_child,243,31,51.31978520847109
Hispanic,parent_child,244,31,45.881735255015
Hispanic,parent_child,245,34,51.08529600285387
Hispanic,parent_child,246,34,50.06747285272757
Hispanic,parent_child,247,36,56.76637026422687
Hispanic,parent_child,248,34,47.47132304260666
Hispanic,parent_child,249,33,54.631386972008535
Hispanic,parent_child,250,33,56.940598330091596
Hispanic,parent_child,251,35,52.34048064075485
Hispanic,parent_child,252,33,58.864436109074454
Hispanic,parent_child,253,32,55.904413813402336
Hispanic,parent_child,254,34,52.504053355572616
Hispanic,parent_child,255,30,62.20783031936578
Hispanic,parent_child,256,33,55.06246805106525
Hispanic,parent_child,257,33,45.90547528125025
Hispanic,parent_child,258,36,59.92530169777456
Hispanic,parent_child,259,36,50.67841871622223
Hispanic,parent_child,260,33,55.39657484643077
Hispanic,parent_child,261,33,53.70997960671866
Hispanic,parent_child,262,34,52.627362359644685
Hispanic,parent_child,263,36,51.47996734591504
Hispanic,parent_child,264,34,52.29967739726248
Hispanic,parent_child,265,35,52.52356282194559
Hispanic,parent_child,266,33,48.99045498602179
Hispanic,parent_child,267,31,57.95620157658911
Hispanic,parent_child,268,31,57.898049507906514
Hispanic,parent_child,269,34,48.09860521527394
Hispanic,parent_child,270,36,48.464678088291606
Hispanic,parent_child,271,34,48.31567809425966
Hispanic,parent_child,272,32,55.18325225624403
Hispanic,parent_child,273,30,63.183764370314364
Hispanic,parent_child,274,31,53.205254210957655
Hispanic,parent_child,275,33,60.21977774345694
Hispanic,parent_child,276,34,50.43029698785525
Hispanic,parent_child,277,34,58.58947892246899
Hispanic,parent_child,278,34,55.85241150984278
Hispanic,parent_child,279,31,49.973731333600725
Hispanic,parent_child,280,34,52.35893718276796
Hispanic,parent_child,281,30,59.27094494239498
Hispanic,parent_child,282,36,47.11493005388705
Hispanic,parent_child,283,32,56.0530250062782
Hispanic,parent_child,284,31,52.94734042402565
Hispanic,parent_child,285,31,50.8784529427678
Hispanic,parent_child,286,29,54.64611378037423
Hispanic,parent_child,287,35,53.45710322043412
Hispanic,parent_child,288,34,52.83221340333915
Hispanic,parent_child,289,32,50.88678537506727
Hispanic,parent_child,290,32,55.55058776197181
Hispanic,parent_child,291,30,54.882283183224594
Hispanic,parent_child,292,34,49.06490533053927
Hispanic,parent_child,293,32,57.446823084143574
Hispanic,parent_child,294,34,56.75423390491585
Hispanic,parent_child,295,32,56.810343868821235
Hispanic,parent_child,296,30,54.511186839762566
Hispanic,parent_child,297,36,50.61424666135435
Hispanic,parent_child,298,30,59.300838909427384
Hispanic,parent_child,299,31,54.179446762369835
Hispanic,parent_child,300,31,46.109009198791064
Hispanic,parent_child,301,30,56.103561975716836
Hispanic,parent_child,302,33,58.764536803635956
Hispanic,parent_child,303,31,50.32340960857995
Hispanic,parent_child,304,31,59.05373789357642
Hispanic,parent_child,305,33,57.61086600440168
Hispanic,parent_child,306,31,53.845476379509186
Hispanic,parent_child,307,33,52.922909377490555
Hispanic,parent_child,308,32,62.13558629878868
Hispanic,parent_child,309,32,56.01396817022003
Hispanic,parent_child,310,31,55.82174856464176
Hispanic,parent_child,311,33,48.41920290725711
Hispanic,parent_child,312,34,51.26411449737197
Hispanic,parent_child,313,33,52.82147624683653
Hispanic,parent_child,314,31,60.77146735215619
Hispanic,parent_child,315,31,49.03941752917592
Hispanic,parent_child,316,33,52.67191381242083
Hispanic,parent_child,317,32,53.03605623863231
Hispanic,parent_child,318,35,49.94571069892809
Hispanic,parent_child,319,32,51.38426612280586
Hispanic,parent_child,320,34,51.41020218170981
Hispanic,parent_child,321,37,48.76728686236593
Hispanic,parent_child,322,33,50.78019487757396
Hispanic,parent_child,323,33,53.296778948761194
Hispanic,parent_child,324,30,67.34576293517053
Hispanic,parent_child,325,32,50.90331221776626
Hispanic,parent_child,326,34,53.73762507657627
Hispanic,parent_child,327,33,58.54317581618091
Hispanic,parent_child,328,37,45.26376180345897
Hispanic,parent_child,329,32,53.51687752897891
Hispanic,parent_child,330,34,56.21296953485785
Hispanic,parent_child,331,31,49.38525971026673
Hispanic,parent_child,332,29,53.20898979563064
Hispanic,parent_child,333,32,56.6199937237996
Hispanic,parent_child,334,33,52.45787705766123
Hispanic,parent_child,335,31,53.489926021288326
Hispanic,parent_child,336,35,51.740613694315236
Hispanic,parent_child,337,32,61.20556254463412
Hispanic,parent_child,338,32,53.871810668059304
Hispanic,parent_child,339,31,57.06455851527315
Hispanic,parent_child,340,34,53.76824902664679
Hispanic,parent_child,341,35,47.51231996720513
Hispanic,parent_child,342,32,47.68340957673773
Hispanic,parent_child,343,35,52.16683905419338
Hispanic,parent_child,344,34,53.952535106092625
Hispanic,parent_child,345,32,55.03835479279723
Hispanic,parent_child,346,35,44.358178794417846
Hispanic,parent_child,347,33,53.80700235713581
Hispanic,parent_child,348,30,58.17897751905877
Hispanic,parent_child,349,31,48.062731640616825
Hispanic,parent_child,350,32,52.54642485643926
Hispanic,parent_child,351,29,57.441863167087234
Hispanic,parent_child,352,33,51.99364077504853
Hispanic,parent_child,353,34,49.528690221187254
Hispanic,parent_child,354,35,54.91546874119468
Hispanic,parent_child,355,35,52.38979642496051
Hispanic,parent_child,356,31,55.85699176209022
Hispanic,parent_child,357,33,50.622846074885196
Hispanic,parent_child,358,33,54.16629363789527
Hispanic,parent_child,359,37,49.81493701307852
Hispanic,parent_child,360,31,54.108575277427974
Hispanic,parent_child,361,31,60.42895948463778
Hispanic,parent_child,362,32,55.88847005027637
Hispanic,parent_child,363,31,54.716067187961194
Hispanic,parent_child,364,35,53.58877112610629
Hispanic,parent_child,365,34,51.06699838317477
Hispanic,parent_child,366,32,52.85127703457479
Hispanic,parent_child,367,33,54.22002473414492
Hispanic,parent_child,368,30,53.09879551168463
Hispanic,parent_child,369,34,47.404201502383664
Hispanic,parent_child,370,35,52.06953080506177
Hispanic,parent_child,371,33,54.09567856776242
Hispanic,parent_child,372,32,55.87702687768298
Hispanic,parent_child,373,35,62.71191030045233
Hispanic,parent_child,374,33,53.435552280831196
Hispanic,parent_child,375,32,59.51760111490891
Hispanic,parent_child,376,33,51.115324281736534
Hispanic,parent_child,377,31,61.0561815315889
Hispanic,parent_child,378,35,52.77803165758918
Hispanic,parent_child,379,34,50.93684712049228
Hispanic,parent_child,380,32,48.118642969324625
Hispanic,parent_child,381,31,62.90018470665723
Hispanic,parent_child,382,35,57.391706299446334
Hispanic,parent_child,383,32,63.71619042319613
Hispanic,parent_child,384,32,53.70977222720763
Hispanic,parent_child,385,33,55.19571146315208
Hispanic,parent_child,386,34,64.2736548303287
Hispanic,parent_child,387,33,63.700956802700304
Hispanic,parent_child,388,31,54.775541599406914
Hispanic,parent_child,389,32,62.827506475834774
Hispanic,parent_child,390,31,50.607159930202556
Hispanic,parent_child,391,33,48.29959847020991
Hispanic,parent_child,392,32,53.1750457264769
Hispanic,parent_child,393,32,55.032685658408944
Hispanic,parent_child,394,35,50.07184164084334
Hispanic,parent_child,395,32,49.97875518556618
Hispanic,parent_child,396,31,48.22928215671137
Hispanic,parent_child,397,30,59.819029413102975
Hispanic,parent_child,398,33,54.01040726602681
Hispanic,parent_child,399,34,50.28362907027799
Hispanic,parent_child,400,33,47.14960373317353
Hispanic,parent_child,401,33,52.25729323703468
Hispanic,parent_child,402,33,54.83696853530848
Hispanic,parent_child,403,34,53.998123497924134
Hispanic,parent_child,404,34,50.64678545612489
Hispanic,parent_child,405,35,46.93076621781812
Hispanic,parent_child,406,33,58.76354254620991
Hispanic,parent_child,407,33,50.51096114316241
Hispanic,parent_child,408,34,58.23498676665449
Hispanic,parent_child,409,34,47.01906223411742
Hispanic,parent_child,410,31,53.549866363173955
Hispanic,parent_child,411,32,48.14869900155551
Hispanic,parent_child,412,30,54.84901211927939
Hispanic,parent_child,413,36,49.628769095205385
Hispanic,parent_child,414,33,52.06106874909914
Hispanic,parent_child,415,32,59.90794423501088
Hispanic,parent_child,416,35,52.866455551959774
Hispanic,parent_child,417,34,50.79371000286593
Hispanic,parent_child,418,31,49.233317485334915
Hispanic,parent_child,419,34,48.955695622336656
Hispanic,parent_child,420,35,48.34555745122514
Hispanic,parent_child,421,32,49.46300051954419
Hispanic,parent_child,422,33,54.48548454053668
Hispanic,parent_child,423,32,56.55629030406284
Hispanic,parent_child,424,32,63.782117784439734
Hispanic,parent_child,425,33,55.61232107796142
Hispanic,parent_child,426,35,49.47867988111155
Hispanic,parent_child,427,36,56.8134554191062
Hispanic,parent_child,428,31,53.8833495336999
Hispanic,parent_child,429,36,51.482420201240906
Hispanic,parent_child,430,31,54.06796766920529
Hispanic,parent_child,431,32,49.325102135154
Hispanic,parent_child,432,33,47.00510775469975
Hispanic,parent_child,433,31,58.00110344122623
Hispanic,parent_child,434,32,54.48659953546694
Hispanic,parent_child,435,33,51.34096879350862
Hispanic,parent_child,436,34,50.46169089649105
Hispanic,parent_child,437,33,50.3857492863657
Hispanic,parent_child,438,31,59.825791823986734
Hispanic,parent_child,439,32,50.24275516990814
Hispanic,parent_child,440,31,56.59703267816339
Hispanic,parent_child,441,32,50.435114665829595
Hispanic,parent_child,442,33,50.27139980859285
Hispanic,parent_child,443,31,57.813992941505134
Hispanic,parent_child,444,33,50.36194902526074
Hispanic,parent_child,445,33,53.932900820260826
Hispanic,parent_child,446,32,57.9561506653977
Hispanic,parent_child,447,30,55.39020893091841
Hispanic,parent_child,448,31,55.69435316852682
Hispanic,parent_child,449,37,52.36909974980529
Hispanic,parent_child,450,36,50.78663958166072
Hispanic,parent_child,451,29,57.15408847161471
Hispanic,parent_child,452,34,48.976694832779934
Hispanic,parent_child,453,30,50.03469586947147
Hispanic,parent_child,454,33,49.911998971437804
Hispanic,parent_child,455,34,51.81187269506607
Hispanic,parent_child,456,31,53.059908233152086
Hispanic,parent_child,457,32,60.80366742143281
Hispanic,parent_child,458,35,53.57061993423562
Hispanic,parent_child,459,32,47.69413747614911
Hispanic,parent_child,460,33,53.43575178612986
Hispanic,parent_child,461,38,48.910751528998425
Hispanic,parent_child,462,33,49.93383906477704
Hispanic,parent_child,463,33,45.730363092932556
Hispanic,parent_child,464,33,52.75698891531826
Hispanic,parent_child,465,35,53.285948869971904
Hispanic,parent_child,466,31,58.184734709904404
Hispanic,parent_child,467,34,52.3088179576901
Hispanic,parent_child,468,33,55.89615113808263
Hispanic,parent_child,469,32,51.24710347726258
Hispanic,parent_child,470,32,64.73639798338152
Hispanic,parent_child,471,33,54.9157649193061
Hispanic,parent_child,472,32,46.82819740732349
Hispanic,parent_child,473,34,60.6474975425224
Hispanic,parent_child,474,39,48.598954128398795
Hispanic,parent_child,475,32,55.37486513496557
Hispanic,parent_child,476,32,49.58662139800134
Hispanic,parent_child,477,34,56.878864547797605
Hispanic,parent_child,478,34,48.296192945530194
Hispanic,parent_child,479,34,54.41729517450943
Hispanic,parent_child,480,31,51.253925867495646
Hispanic,parent_child,481,32,54.23404889447456
Hispanic,parent_child,482,34,52.584047249084136
Hispanic,parent_child,483,29,55.40029505416874
Hispanic,parent_child,484,37,46.85669460304629
Hispanic,parent_child,485,33,59.846778549578886
Hispanic,parent_child,486,33,54.00345261703251
Hispanic,parent_child,487,32,50.803966699608544
Hispanic,parent_child,488,36,52.68614397658965
Hispanic,parent_child,489,33,53.27572406055885
Hispanic,parent_child,490,37,49.70565504154578
Hispanic,parent_child,491,34,47.30470463430684
Hispanic,parent_child,492,33,53.83464707769511
Hispanic,parent_child,493,33,48.0850688286509
Hispanic,parent_child,494,32,51.292710440294584
Hispanic,parent_child,495,34,53.6842206662851
Hispanic,parent_child,496,32,49.81309728886378
Hispanic,parent_child,497,38,50.0844725154996
Hispanic,parent_child,498,35,49.77292416197016
Hispanic,parent_child,499,34,50.97044016221718
Hispanic,parent_child,500,34,58.54370164707237
Hispanic,full_siblings,1,41,64.90063340997612
Hispanic,full_siblings,2,36,65.82359924107314
Hispanic,full_siblings,3,33,58.7376643043747
Hispanic,full_siblings,4,31,57.6357792940374
Hispanic,full_siblings,5,33,64.7020621380473
Hispanic,full_siblings,6,35,60.909042805024626
Hispanic,full_siblings,7,33,58.6873433167551
Hispanic,full_siblings,8,31,65.39299901159896
Hispanic,full_siblings,9,30,57.972292911593975
Hispanic,full_siblings,10,36,61.15157542382638
Hispanic,full_siblings,11,32,66.80398516916463
Hispanic,full_siblings,12,33,57.249430581037764
Hispanic,full_siblings,13,33,68.02406619170739
Hispanic,full_siblings,14,32,61.78670770458057
Hispanic,full_siblings,15,29,65.2722807247231
Hispanic,full_siblings,16,34,61.643398416941935
Hispanic,full_siblings,17,36,63.465406886768115
Hispanic,full_siblings,18,33,58.099560991385914
Hispanic,full_siblings,19,37,68.35264808105529
Hispanic,full_siblings,20,31,61.520365097038415
Hispanic,full_siblings,21,29,57.78006335641787
Hispanic,full_siblings,22,34,59.41093132112908
Hispanic,full_siblings,23,36,58.75811004955283
Hispanic,full_siblings,24,31,62.973989081210654
Hispanic,full_siblings,25,34,57.19491612231821
Hispanic,full_siblings,26,36,69.70215205353959
Hispanic,full_siblings,27,40,59.98572819967827
Hispanic,full_siblings,28,37,65.87911127345765
Hispanic,full_siblings,29,32,55.727051852986044
Hispanic,full_siblings,30,41,61.23672117164621
Hispanic,full_siblings,31,24,63.98555161753133
Hispanic,full_siblings,32,37,57.079297370573364
Hispanic,full_siblings,33,38,61.666961633922
Hispanic,full_siblings,34,30,64.0184809807982
Hispanic,full_siblings,35,33,60.99838925216142
Hispanic,full_siblings,36,38,67.0226223967839
Hispanic,full_siblings,37,30,65.80330384259403
Hispanic,full_siblings,38,30,64.62228681549485
Hispanic,full_siblings,39,36,61.82047936178516
Hispanic,full_siblings,40,30,63.71981858070808
Hispanic,full_siblings,41,36,65.28201396335884
Hispanic,full_siblings,42,34,66.22407549498924
Hispanic,full_siblings,43,32,57.39598664147232
Hispanic,full_siblings,44,32,71.1709868878341
Hispanic,full_siblings,45,38,63.92250141184789
Hispanic,full_siblings,46,33,61.30340855108313
Hispanic,full_siblings,47,32,71.7724231621382
Hispanic,full_siblings,48,40,60.060715653983806
Hispanic,full_siblings,49,39,60.34739421872316
Hispanic,full_siblings,50,35,67.65373614778115
Hispanic,full_siblings,51,34,60.74394372246879
Hispanic,full_siblings,52,33,52.30341915177752
Hispanic,full_siblings,53,34,60.19810240051088
Hispanic,full_siblings,54,30,59.67994499861238
Hispanic,full_siblings,55,37,59.09468084747286
Hispanic,full_siblings,56,32,58.985892243466324
Hispanic,full_siblings,57,33,67.42529553970495
Hispanic,full_siblings,58,31,66.81761434851998
Hispanic,full_siblings,59,38,64.50745599832518
Hispanic,full_siblings,60,26,65.69395724599107
Hispanic,full_siblings,61,34,55.322995462055715
Hispanic,full_siblings,62,29,59.092238360728246
Hispanic,full_siblings,63,38,54.42309993696559
Hispanic,full_siblings,64,36,62.930087651988245
Hispanic,full_siblings,65,35,63.90353847395431
Hispanic,full_siblings,66,27,62.57528719653371
Hispanic,full_siblings,67,41,69.39083570892977
Hispanic,full_siblings,68,31,69.43604221256766
Hispanic,full_siblings,69,31,66.1264026808292
Hispanic,full_siblings,70,30,63.39689846275195
Hispanic,full_siblings,71,31,66.53380401820293
Hispanic,full_siblings,72,33,61.03613681620932
Hispanic,full_siblings,73,26,64.72383191359853
Hispanic,full_siblings,74,31,56.152377166073165
Hispanic,full_siblings,75,37,58.38535181892173
Hispanic,full_siblings,76,35,67.62005473730333
Hispanic,full_siblings,77,32,61.8895620829209
Hispanic,full_siblings,78,32,67.05552741356573
Hispanic,full_siblings,79,30,58.26836358811134
Hispanic,full_siblings,80,31,59.93090068440638
Hispanic,full_siblings,81,32,68.94138831771679
Hispanic,full_siblings,82,34,62.10686204564322
Hispanic,full_siblings,83,38,64.85216904429707
Hispanic,full_siblings,84,33,66.25191629783522
Hispanic,full_siblings,85,36,59.47928803092707
Hispanic,full_siblings,86,32,68.56481707322686
Hispanic,full_siblings,87,34,58.68312128739113
Hispanic,full_siblings,88,37,61.98567393638625
Hispanic,full_siblings,89,36,56.64337153000214
Hispanic,full_siblings,90,32,53.19497651766299
Hispanic,full_siblings,91,37,57.41261372170529
Hispanic,full_siblings,92,29,63.90941595958294
Hispanic,full_siblings,93,31,74.02531188933429
Hispanic,full_siblings,94,36,62.20142899879542
Hispanic,full_siblings,95,30,60.06307230587299
Hispanic,full_siblings,96,35,62.16680356620638
Hispanic,full_siblings,97,34,57.4551886815303
Hispanic,full_siblings,98,34,60.42102185731052
Hispanic,full_siblings,99,37,65.78753030321377
Hispanic,full_siblings,100,37,64.75736232345302
Hispanic,full_siblings,101,31,64.48064253284466
Hispanic,full_siblings,102,33,61.72388554908717
Hispanic,full_siblings,103,37,56.80769290065986
Hispanic,full_siblings,104,28,62.85050654701661
Hispanic,full_siblings,105,34,60.07365725326356
Hispanic,full_siblings,106,37,62.34200126407346
Hispanic,full_siblings,107,29,60.89677322791726
Hispanic,full_siblings,108,32,55.88269797801383
Hispanic,full_siblings,109,36,63.11343473682088
Hispanic,full_siblings,110,30,61.063862876510505
Hispanic,full_siblings,111,40,62.506989629833654
Hispanic,full_siblings,112,35,60.959601672443114
Hispanic,full_siblings,113,36,69.05906820459589
Hispanic,full_siblings,114,29,63.04797279970577
Hispanic,full_siblings,115,40,63.46872077930938
Hispanic,full_siblings,116,35,69.41295010266205
Hispanic,full_siblings,117,36,58.41454460342011
Hispanic,full_siblings,118,32,58.019240067363896
Hispanic,full_siblings,119,39,66.68641956846623
Hispanic,full_siblings,120,31,65.78941545154146
Hispanic,full_siblings,121,36,58.14492016143276
Hispanic,full_siblings,122,35,64.77546538693498
Hispanic,full_siblings,123,32,64.58962199608966
Hispanic,full_siblings,124,32,68.67199098905706
Hispanic,full_siblings,125,29,60.19651037839892
Hispanic,full_siblings,126,29,67.34536204160277
Hispanic,full_siblings,127,32,57.85741082767974
Hispanic,full_siblings,128,33,62.10537614778895
Hispanic,full_siblings,129,31,65.20286803314166
Hispanic,full_siblings,130,31,54.629101733079835
Hispanic,full_siblings,131,29,61.270186100005624
Hispanic,full_siblings,132,31,58.586744317019765
Hispanic,full_siblings,133,31,54.137551341397014
Hispanic,full_siblings,134,37,56.46394808683033
Hispanic,full_siblings,135,44,60.145414357494616
Hispanic,full_siblings,136,34,59.65403102683599
Hispanic,full_siblings,137,41,61.916393376656856
Hispanic,full_siblings,138,35,56.59902072070597
Hispanic,full_siblings,139,34,59.86745537320635
Hispanic,full_siblings,140,29,57.30241993616964
Hispanic,full_siblings,141,34,63.82792301475222
Hispanic,full_siblings,142,28,63.09381797796453
Hispanic,full_siblings,143,31,57.43481761848972
Hispanic,full_siblings,144,32,58.71428852745162
Hispanic,full_siblings,145,28,57.278225291973435
Hispanic,full_siblings,146,33,61.6254091693768
Hispanic,full_siblings,147,35,57.21966260455301
Hispanic,full_siblings,148,32,63.50075797864112
Hispanic,full_siblings,149,34,61.19386398991765
Hispanic,full_siblings,150,29,65.57819862396273
Hispanic,full_siblings,151,36,61.54763714909354
Hispanic,full_siblings,152,38,58.47176851475314
Hispanic,full_siblings,153,28,57.13951577130067
Hispanic,full_siblings,154,38,57.73771019989382
Hispanic,full_siblings,155,32,62.64431141531081
Hispanic,full_siblings,156,32,64.07129857069485
Hispanic,full_siblings,157,29,55.6782047565747
Hispanic,full_siblings,158,35,62.12246975377685
Hispanic,full_siblings,159,36,60.4575529127167
Hispanic,full_siblings,160,35,68.3510357013611
Hispanic,full_siblings,161,32,64.25751593703401
Hispanic,full_siblings,162,44,57.58569680303809
Hispanic,full_siblings,163,34,58.73416496425375
Hispanic,full_siblings,164,27,62.319947385912066
Hispanic,full_siblings,165,31,63.253626086065395
Hispanic,full_siblings,166,38,55.731486722563496
Hispanic,full_siblings,167,39,59.812086703080205
Hispanic,full_siblings,168,37,60.27675740998912
Hispanic,full_siblings,169,30,64.07706340234111
Hispanic,full_siblings,170,37,62.58726470079075
Hispanic,full_siblings,171,33,64.13066803472627
Hispanic,full_siblings,172,33,61.90856042350182
Hispanic,full_siblings,173,30,69.09195187503597
Hispanic,full_siblings,174,33,61.65960774357129
Hispanic,full_siblings,175,34,58.44002965256301
Hispanic,full_siblings,176,33,69.71691250187278
Hispanic,full_siblings,177,28,68.19327578821756
Hispanic,full_siblings,178,31,58.65123191118779
Hispanic,full_siblings,179,30,60.14516497083833
Hispanic,full_siblings,180,36,64.44691887013764
Hispanic,full_siblings,181,35,64.69743594038441
Hispanic,full_siblings,182,36,68.46541313026124
Hispanic,full_siblings,183,35,65.9112407094445
Hispanic,full_siblings,184,35,66.86472988301541
Hispanic,full_siblings,185,32,66.28433575836976
Hispanic,full_siblings,186,33,69.11461172052434
Hispanic,full_siblings,187,38,65.27165543884696
Hispanic,full_siblings,188,41,67.3804156112068
Hispanic,full_siblings,189,34,62.33486875435183
Hispanic,full_siblings,190,33,58.38374227491889
Hispanic,full_siblings,191,31,55.08175844365623
Hispanic,full_siblings,192,36,62.74675059684329
Hispanic,full_siblings,193,31,61.38131861501017
Hispanic,full_siblings,194,35,63.2085553324596
Hispanic,full_siblings,195,37,61.926358811961755
Hispanic,full_siblings,196,30,66.69840337477129
Hispanic,full_siblings,197,36,58.60733443359553
Hispanic,full_siblings,198,30,56.923502019659395
Hispanic,full_siblings,199,28,61.95899876046056
Hispanic,full_siblings,200,34,57.483385561408525
Hispanic,full_siblings,201,32,58.746028600002866
Hispanic,full_siblings,202,30,59.11380606894039
Hispanic,full_siblings,203,38,61.79521477167104
Hispanic,full_siblings,204,36,58.42004571775609
Hispanic,full_siblings,205,35,60.390529985180834
Hispanic,full_siblings,206,36,56.305541429479
Hispanic,full_siblings,207,31,66.37302839056859
Hispanic,full_siblings,208,31,62.55418185305191
Hispanic,full_siblings,209,29,60.78340085662526
Hispanic,full_siblings,210,33,61.53144939226557
Hispanic,full_siblings,211,30,55.108559782370094
Hispanic,full_siblings,212,32,64.5915285939647
Hispanic,full_siblings,213,34,62.93422525489741
Hispanic,full_siblings,214,32,63.24316148873606
Hispanic,full_siblings,215,32,62.34597152207071
Hispanic,full_siblings,216,33,59.51510333642066
Hispanic,full_siblings,217,30,59.55056722405506
Hispanic,full_siblings,218,35,61.2302798634879
Hispanic,full_siblings,219,31,69.7942936839052
Hispanic,full_siblings,220,33,64.15158532841727
Hispanic,full_siblings,221,36,67.47918255418413
Hispanic,full_siblings,222,32,60.560275569657726
Hispanic,full_siblings,223,33,61.254860096580394
Hispanic,full_siblings,224,35,61.326390700013675
Hispanic,full_siblings,225,37,62.18021985815089
Hispanic,full_siblings,226,30,58.2684191606938
Hispanic,full_siblings,227,32,60.42626749803875
Hispanic,full_siblings,228,29,60.28460772067106
Hispanic,full_siblings,229,36,63.253073041668955
Hispanic,full_siblings,230,30,57.77395716268352
Hispanic,full_siblings,231,37,60.35276857101548
Hispanic,full_siblings,232,33,56.703279304325015
Hispanic,full_siblings,233,34,59.81042406180763
Hispanic,full_siblings,234,32,59.86542782183714
Hispanic,full_siblings,235,30,53.249252768011004
Hispanic,full_siblings,236,33,61.17508023273901
Hispanic,full_siblings,237,26,63.312578619093586
Hispanic,full_siblings,238,39,62.602846100597674
Hispanic,full_siblings,239,36,64.07748116095202
Hispanic,full_siblings,240,34,61.6457476396453
Hispanic,full_siblings,241,29,60.82589064435799
Hispanic,full_siblings,242,36,58.49940160509522
Hispanic,full_siblings,243,30,65.33703512837474
Hispanic,full_siblings,244,37,70.57935709279595
Hispanic,full_siblings,245,37,63.10295184310126
Hispanic,full_siblings,246,29,62.56877939654347
Hispanic,full_siblings,247,38,67.8504851149041
Hispanic,full_siblings,248,38,69.2497804100483
Hispanic,full_siblings,249,35,70.07127531136625
Hispanic,full_siblings,250,35,67.43743155381534
Hispanic,full_siblings,251,30,60.424575463294765
Hispanic,full_siblings,252,33,61.79725319493894
Hispanic,full_siblings,253,33,60.62013328867474
Hispanic,full_siblings,254,29,57.444811197916465
Hispanic,full_siblings,255,34,58.13532951296116
Hispanic,full_siblings,256,32,64.94207029552645
Hispanic,full_siblings,257,37,54.592068094482144
Hispanic,full_siblings,258,34,61.69352273155708
Hispanic,full_siblings,259,36,61.77061849049761
Hispanic,full_siblings,260,32,62.946823712903445
Hispanic,full_siblings,261,26,60.004572888708445
Hispanic,full_siblings,262,33,61.03012149541408
Hispanic,full_siblings,263,34,62.3505360272068
Hispanic,full_siblings,264,37,58.36026844717292
Hispanic,full_siblings,265,33,64.8157121475967
Hispanic,full_siblings,266,36,61.08946926341291
Hispanic,full_siblings,267,37,60.6170592609048
Hispanic,full_siblings,268,36,58.126216989358426
Hispanic,full_siblings,269,32,64.85896735192375
Hispanic,full_siblings,270,34,62.73618335268167
Hispanic,full_siblings,271,33,59.76840201175279
Hispanic,full_siblings,272,36,67.19663781094275
Hispanic,full_siblings,273,39,64.82358090937508
Hispanic,full_siblings,274,43,61.714769251584414
Hispanic,full_siblings,275,38,64.61798321847449
Hispanic,full_siblings,276,40,74.66602327474243
Hispanic,full_siblings,277,32,59.49320398560397
Hispanic,full_siblings,278,32,62.912466655072
Hispanic,full_siblings,279,37,62.42209779157678
Hispanic,full_siblings,280,35,62.374428103775905
Hispanic,full_siblings,281,33,60.842387847097605
Hispanic,full_siblings,282,33,63.4551620978666
Hispanic,full_siblings,283,32,62.08661350915696
Hispanic,full_siblings,284,33,70.42076490479798
Hispanic,full_siblings,285,35,62.639489782192754
Hispanic,full_siblings,286,36,60.106485246274296
Hispanic,full_siblings,287,40,59.67955841714665
Hispanic,full_siblings,288,34,58.186498995240456
Hispanic,full_siblings,289,34,58.119840216878714
Hispanic,full_siblings,290,32,60.170770413815845
Hispanic,full_siblings,291,33,56.65393622971147
Hispanic,full_siblings,292,29,60.042691470303254
Hispanic,full_siblings,293,34,61.70823240777404
Hispanic,full_siblings,294,35,54.691227998681136
Hispanic,full_siblings,295,32,61.69232416982082
Hispanic,full_siblings,296,35,66.34649288658466
Hispanic,full_siblings,297,32,58.518842509109405
Hispanic,full_siblings,298,31,55.61498287780255
Hispanic,full_siblings,299,37,64.64457743691115
Hispanic,full_siblings,300,31,59.641181841759916
Hispanic,full_siblings,301,32,60.02038757790212
Hispanic,full_siblings,302,33,62.1057382323404
Hispanic,full_siblings,303,33,58.990186154194745
Hispanic,full_siblings,304,29,63.22340050492864
Hispanic,full_siblings,305,30,64.79421134902837
Hispanic,full_siblings,306,37,64.48829373684791
Hispanic,full_siblings,307,31,60.293973848088555
Hispanic,full_siblings,308,34,58.34515776143692
Hispanic,full_siblings,309,33,58.204024199113
Hispanic,full_siblings,310,32,58.41062871426623
Hispanic,full_siblings,311,28,62.73145215988415
Hispanic,full_siblings,312,37,64.56374833547308
Hispanic,full_siblings,313,31,61.24587024354842
Hispanic,full_siblings,314,26,61.186779293357404
Hispanic,full_siblings,315,35,68.57843782263585
Hispanic,full_siblings,316,32,60.79865684187836
Hispanic,full_siblings,317,37,59.29038361884424
Hispanic,full_siblings,318,30,60.00492235434822
Hispanic,full_siblings,319,34,59.32249932435938
Hispanic,full_siblings,320,32,55.30267878907062
Hispanic,full_siblings,321,30,65.58229553659739
Hispanic,full_siblings,322,32,65.80982362830099
Hispanic,full_siblings,323,33,56.39343374845475
Hispanic,full_siblings,324,35,59.57481398925466
Hispanic,full_siblings,325,35,57.17998029734535
Hispanic,full_siblings,326,31,64.79410947489508
Hispanic,full_siblings,327,32,57.41679765738595
Hispanic,full_siblings,328,37,61.19743249393224
Hispanic,full_siblings,329,33,55.534580165905446
Hispanic,full_siblings,330,40,63.374532047558134
Hispanic,full_siblings,331,36,64.81952376532179
Hispanic,full_siblings,332,38,63.050065775615316
Hispanic,full_siblings,333,35,55.975587283634255
Hispanic,full_siblings,334,34,63.944033556811696
Hispanic,full_siblings,335,32,59.974715603335845
Hispanic,full_siblings,336,37,59.8988063069052
Hispanic,full_siblings,337,31,58.584575830919505
Hispanic,full_siblings,338,30,56.54486752897782
Hispanic,full_siblings,339,41,67.58628274927727
Hispanic,full_siblings,340,33,60.80825247319723
Hispanic,full_siblings,341,34,62.78201472509223
Hispanic,full_siblings,342,31,56.02217559556784
Hispanic,full_siblings,343,36,65.07211577111086
Hispanic,full_siblings,344,34,62.02478192053136
Hispanic,full_siblings,345,30,62.191518603183496
Hispanic,full_siblings,346,35,60.076251289188725
Hispanic,full_siblings,347,32,73.68447906324089
Hispanic,full_siblings,348,33,68.27230237458717
Hispanic,full_siblings,349,34,70.98775898848034
Hispanic,full_siblings,350,34,60.089675650181825
Hispanic,full_siblings,351,32,60.51577047095745
Hispanic,full_siblings,352,37,59.691429091670436
Hispanic,full_siblings,353,35,61.92047651562881
Hispanic,full_siblings,354,33,68.2362817549761
Hispanic,full_siblings,355,36,69.61438695898543
Hispanic,full_siblings,356,32,60.527492334937094
Hispanic,full_siblings,357,37,66.30932832079226
Hispanic,full_siblings,358,32,69.32942376735363
Hispanic,full_siblings,359,33,61.845267606028216
Hispanic,full_siblings,360,35,63.303931657679954
Hispanic,full_siblings,361,34,67.36749283104426
Hispanic,full_siblings,362,35,65.88820026966447
Hispanic,full_siblings,363,37,60.056499810984775
Hispanic,full_siblings,364,40,61.7080764182383
Hispanic,full_siblings,365,30,64.09387853111532
Hispanic,full_siblings,366,38,64.53796952220685
Hispanic,full_siblings,367,32,56.006369029119455
Hispanic,full_siblings,368,34,61.107343826926744
Hispanic,full_siblings,369,32,62.3084910706208
Hispanic,full_siblings,370,37,66.13368429723845
Hispanic,full_siblings,371,40,70.32642189166461
Hispanic,full_siblings,372,31,66.77783939669621
Hispanic,full_siblings,373,35,66.89591289142486
Hispanic,full_siblings,374,35,58.91118533417748
Hispanic,full_siblings,375,35,56.81885618450336
Hispanic,full_siblings,376,37,67.11017803759924
Hispanic,full_siblings,377,36,63.77149409856859
Hispanic,full_siblings,378,35,62.02202144604852
Hispanic,full_siblings,379,34,67.26849800398753
Hispanic,full_siblings,380,33,64.79512819047622
Hispanic,full_siblings,381,36,61.63059296918279
Hispanic,full_siblings,382,37,64.78072094695297
Hispanic,full_siblings,383,37,59.087293023591066
Hispanic,full_siblings,384,37,56.97160873470033
Hispanic,full_siblings,385,38,58.92496688700258
Hispanic,full_siblings,386,26,56.048994750190296
Hispanic,full_siblings,387,33,62.63655581346525
Hispanic,full_siblings,388,36,58.950388181739676
Hispanic,full_siblings,389,33,61.07921584765984
Hispanic,full_siblings,390,36,63.005336365556495
Hispanic,full_siblings,391,34,64.43594245019011
Hispanic,full_siblings,392,36,59.73878013016561
Hispanic,full_siblings,393,33,59.67887291444169
Hispanic,full_siblings,394,37,56.23884892961751
Hispanic,full_siblings,395,33,61.040044946386544
Hispanic,full_siblings,396,38,63.30943462391822
Hispanic,full_siblings,397,41,56.05099767160297
Hispanic,full_siblings,398,33,62.24007856193407
Hispanic,full_siblings,399,38,64.96206134231036
Hispanic,full_siblings,400,37,57.55573763271611
Hispanic,full_siblings,401,32,60.101124196192146
Hispanic,full_siblings,402,34,59.70337506361524
Hispanic,full_siblings,403,32,64.46142549426659
Hispanic,full_siblings,404,36,65.1483901604113
Hispanic,full_siblings,405,34,60.89262637511289
Hispanic,full_siblings,406,29,56.612152033199735
Hispanic,full_siblings,407,35,69.95495236629797
Hispanic,full_siblings,408,26,63.42217482636746
Hispanic,full_siblings,409,33,56.37967491933208
Hispanic,full_siblings,410,41,65.8770927098735
Hispanic,full_siblings,411,38,62.37746706467438
Hispanic,full_siblings,412,38,77.49748526930522
Hispanic,full_siblings,413,28,60.85099113657847
Hispanic,full_siblings,414,37,67.77585947677991
Hispanic,full_siblings,415,30,59.549160192354286
Hispanic,full_siblings,416,34,66.34171886606461
Hispanic,full_siblings,417,36,61.01366396487766
Hispanic,full_siblings,418,35,58.9084373895302
Hispanic,full_siblings,419,27,58.62273997390029
Hispanic,full_siblings,420,35,69.80850715086255
Hispanic,full_siblings,421,35,65.42573203705906
Hispanic,full_siblings,422,34,61.074407547790344
Hispanic,full_siblings,423,40,55.29491840932519
Hispanic,full_siblings,424,37,64.02841098646026
Hispanic,full_siblings,425,34,60.51032720432514
Hispanic,full_siblings,426,41,58.43745766744196
Hispanic,full_siblings,427,29,57.95798619990834
Hispanic,full_siblings,428,36,61.76010934557585
Hispanic,full_siblings,429,38,70.45914197162759
Hispanic,full_siblings,430,37,73.04282612775903
Hispanic,full_siblings,431,27,59.572050710825046
Hispanic,full_siblings,432,31,69.95140307018238
Hispanic,full_siblings,433,27,61.06736214957252
Hispanic,full_siblings,434,35,59.25029942246502
Hispanic,full_siblings,435,33,67.94844900461311
Hispanic,full_siblings,436,37,61.93416308093015
Hispanic,full_siblings,437,33,59.33401467587108
Hispanic,full_siblings,438,30,60.28678950874641
Hispanic,full_siblings,439,38,66.9997469784313
Hispanic,full_siblings,440,38,64.3161386171195
Hispanic,full_siblings,441,32,67.21671365835671
Hispanic,full_siblings,442,30,65.66785283171203
Hispanic,full_siblings,443,34,55.3170393520123
Hispanic,full_siblings,444,34,60.37225898530485
Hispanic,full_siblings,445,29,55.02181685961224
Hispanic,full_siblings,446,35,58.48017442378631
Hispanic,full_siblings,447,33,59.5980411165042
Hispanic,full_siblings,448,33,60.89253673592384
Hispanic,full_siblings,449,37,58.89462749010727
Hispanic,full_siblings,450,40,64.39804578487335
Hispanic,full_siblings,451,35,65.75474485162319
Hispanic,full_siblings,452,36,62.295466823077916
Hispanic,full_siblings,453,31,56.65660374982365
Hispanic,full_siblings,454,28,64.21637475270516
Hispanic,full_siblings,455,27,62.67346464970107
Hispanic,full_siblings,456,36,60.53031187554321
Hispanic,full_siblings,457,35,58.072042383618815
Hispanic,full_siblings,458,31,65.82811947524094
Hispanic,full_siblings,459,36,71.69302629497052
Hispanic,full_siblings,460,36,63.73263556552381
Hispanic,full_siblings,461,32,61.111899086959006
Hispanic,full_siblings,462,34,51.09208114206628
Hispanic,full_siblings,463,38,67.11687973713536
Hispanic,full_siblings,464,37,58.287869107426694
Hispanic,full_siblings,465,34,58.71826631777033
Hispanic,full_siblings,466,30,64.76887097915451
Hispanic,full_siblings,467,32,59.91035809241051
Hispanic,full_siblings,468,28,64.57732247593346
Hispanic,full_siblings,469,33,67.69860422932035
Hispanic,full_siblings,470,37,61.63092357397346
Hispanic,full_siblings,471,36,63.57121468159055
Hispanic,full_siblings,472,33,62.10033932487319
Hispanic,full_siblings,473,31,61.929145316253354
Hispanic,full_siblings,474,33,67.01745866806941
Hispanic,full_siblings,475,32,57.726454614946654
Hispanic,full_siblings,476,37,56.86051105565307
Hispanic,full_siblings,477,33,67.75824511090295
Hispanic,full_siblings,478,32,64.77565380190728
Hispanic,full_siblings,479,34,60.79056874518198
Hispanic,full_siblings,480,33,55.543673032658454
Hispanic,full_siblings,481,31,67.80368273932191
Hispanic,full_siblings,482,29,58.52891399091699
Hispanic,full_siblings,483,36,56.938603961260235
Hispanic,full_siblings,484,33,59.65736434534377
Hispanic,full_siblings,485,33,61.92578756959964
Hispanic,full_siblings,486,37,65.87332716195101
Hispanic,full_siblings,487,30,59.009475639802375
Hispanic,full_siblings,488,32,59.11467013161826
Hispanic,full_siblings,489,31,65.79380442633567
Hispanic,full_siblings,490,30,63.853358677291375
Hispanic,full_siblings,491,38,61.36516470180306
Hispanic,full_siblings,492,28,70.06299198594574
Hispanic,full_siblings,493,34,66.40754452642005
Hispanic,full_siblings,494,38,55.56113930892441
Hispanic,full_siblings,495,24,66.30225569674546
Hispanic,full_siblings,496,34,60.009232590926814
Hispanic,full_siblings,497,37,57.32942215085347
Hispanic,full_siblings,498,32,57.75656647333193
Hispanic,full_siblings,499,36,68.00992527814698
Hispanic,full_siblings,500,40,66.0510868095556
Hispanic,half_siblings,1,20,13.56002230910152
Hispanic,half_siblings,2,24,33.286371882145836
Hispanic,half_siblings,3,24,25.95517698688998
Hispanic,half_siblings,4,24,16.244317621284765
Hispanic,half_siblings,5,21,23.077616013430188
Hispanic,half_siblings,6,22,20.150322813058484
Hispanic,half_siblings,7,26,19.095416264015846
Hispanic,half_siblings,8,20,24.364632009620795
Hispanic,half_siblings,9,29,25.03330053362541
Hispanic,half_siblings,10,26,26.076307117043804
Hispanic,half_siblings,11,24,28.30095133500217
Hispanic,half_siblings,12,24,24.2628449182321
Hispanic,half_siblings,13,28,28.593875898728182
Hispanic,half_siblings,14,30,24.98534649598696
Hispanic,half_siblings,15,28,29.8357765412612
Hispanic,half_siblings,16,31,22.068300277012682
Hispanic,half_siblings,17,26,22.488272813442638
Hispanic,half_siblings,18,31,35.76082614441755
Hispanic,half_siblings,19,23,22.84872107741846
Hispanic,half_siblings,20,26,19.394086670561723
Hispanic,half_siblings,21,28,21.11816596561649
Hispanic,half_siblings,22,26,25.263499938164212
Hispanic,half_siblings,23,28,20.701359471056637
Hispanic,half_siblings,24,21,19.246689682697728
Hispanic,half_siblings,25,24,36.079806695441945
Hispanic,half_siblings,26,23,19.8794402566277
Hispanic,half_siblings,27,29,34.7640074129161
Hispanic,half_siblings,28,25,21.100455008668895
Hispanic,half_siblings,29,24,25.01607662349625
Hispanic,half_siblings,30,26,22.43637468892065
Hispanic,half_siblings,31,26,24.370960114929222
Hispanic,half_siblings,32,25,23.78585010722134
Hispanic,half_siblings,33,24,18.020654739048553
Hispanic,half_siblings,34,22,18.34612944907451
Hispanic,half_siblings,35,25,24.532080831835046
Hispanic,half_siblings,36,22,18.239571108610203
Hispanic,half_siblings,37,27,24.571737763205917
Hispanic,half_siblings,38,24,23.620774861746217
Hispanic,half_siblings,39,19,12.669498081086838
Hispanic,half_siblings,40,25,15.839867194552063
Hispanic,half_siblings,41,26,23.331526324804337
Hispanic,half_siblings,42,28,25.10571921966789
Hispanic,half_siblings,43,25,20.455223824490343
Hispanic,half_siblings,44,29,28.246624228521977
Hispanic,half_siblings,45,31,29.43678631213311
Hispanic,half_siblings,46,25,20.94972666003535
Hispanic,half_siblings,47,27,36.8906468381016
Hispanic,half_siblings,48,23,17.772776260144628
Hispanic,half_siblings,49,22,10.486336802168102
Hispanic,half_siblings,50,33,25.81235967332027
Hispanic,half_siblings,51,27,28.805566857852728
Hispanic,half_siblings,52,27,25.043971482260037
Hispanic,half_siblings,53,26,25.420762699604065
Hispanic,half_siblings,54,28,22.92922925601031
Hispanic,half_siblings,55,25,22.6233686188584
Hispanic,half_siblings,56,30,32.601168949985045
Hispanic,half_siblings,57,28,26.794251314226358
Hispanic,half_siblings,58,28,28.090117430495038
Hispanic,half_siblings,59,24,19.753694750765042
Hispanic,half_siblings,60,23,27.6211060110489
Hispanic,half_siblings,61,27,25.35849875121664
Hispanic,half_siblings,62,21,17.344600999938322
Hispanic,half_siblings,63,29,23.268155508567855
Hispanic,half_siblings,64,29,20.54633669433053
Hispanic,half_siblings,65,25,20.562393167188738
Hispanic,half_siblings,66,23,22.04009126123918
Hispanic,half_siblings,67,29,15.879173957683683
Hispanic,half_siblings,68,29,25.222857060878496
Hispanic,half_siblings,69,26,30.289569186782675
Hispanic,half_siblings,70,23,14.661807943740882
Hispanic,half_siblings,71,21,18.91613710555988
Hispanic,half_siblings,72,26,19.805804245057715
Hispanic,half_siblings,73,27,24.408658961019196
Hispanic,half_siblings,74,25,22.68886011752864
Hispanic,half_siblings,75,23,19.8676623188079
Hispanic,half_siblings,76,25,22.973821183483437
Hispanic,half_siblings,77,31,28.698034688674838
Hispanic,half_siblings,78,27,20.678177782582033
Hispanic,half_siblings,79,26,17.222352021022537
Hispanic,half_siblings,80,26,20.793648018780292
Hispanic,half_siblings,81,20,17.18902374068032
Hispanic,half_siblings,82,24,30.938056894159264
Hispanic,half_siblings,83,30,23.85667289486645
Hispanic,half_siblings,84,23,15.881686289845268
Hispanic,half_siblings,85,29,24.840445758039657
Hispanic,half_siblings,86,36,28.523641916114833
Hispanic,half_siblings,87,25,23.31535758601334
Hispanic,half_siblings,88,24,15.505471941489047
Hispanic,half_siblings,89,22,20.56188023823528
Hispanic,half_siblings,90,27,22.27000868295225
Hispanic,half_siblings,91,21,11.526716922915323
Hispanic,half_siblings,92,30,27.68773320072759
Hispanic,half_siblings,93,28,21.58443332372365
Hispanic,half_siblings,94,22,25.755623665288738
Hispanic,half_siblings,95,22,10.316637223503335
Hispanic,half_siblings,96,25,20.586034179171566
Hispanic,half_siblings,97,25,29.638129821280376
Hispanic,half_siblings,98,24,24.945992977847812
Hispanic,half_siblings,99,26,26.023010509126596
Hispanic,half_siblings,100,26,24.556213341885858
Hispanic,half_siblings,101,27,22.557953985275713
Hispanic,half_siblings,102,25,27.578464816476806
Hispanic,half_siblings,103,26,30.438260136364967
Hispanic,half_siblings,104,28,24.911086073004704
Hispanic,half_siblings,105,25,22.008621411940325
Hispanic,half_siblings,106,25,24.104808240345186
Hispanic,half_siblings,107,23,22.46367077074522
Hispanic,half_siblings,108,21,18.920743462086065
Hispanic,half_siblings,109,20,15.170835004269183
Hispanic,half_siblings,110,31,29.576559099318015
Hispanic,half_siblings,111,28,34.753331923585975
Hispanic,half_siblings,112,24,26.333287162740557
Hispanic,half_siblings,113,27,26.885263047825138
Hispanic,half_siblings,114,28,23.017619337125467
Hispanic,half_siblings,115,23,20.63814215705528
Hispanic,half_siblings,116,29,25.60052385513518
Hispanic,half_siblings,117,22,19.640292320821004
Hispanic,half_siblings,118,22,12.70740329439294
Hispanic,half_siblings,119,30,27.659313257852997
Hispanic,half_siblings,120,27,21.112486179627435
Hispanic,half_siblings,121,24,20.93641609830918
Hispanic,half_siblings,122,30,30.862947983738277
Hispanic,half_siblings,123,29,28.006278490193203
Hispanic,half_siblings,124,24,28.351082500078235
Hispanic,half_siblings,125,24,22.98124994918129
Hispanic,half_siblings,126,28,27.446079876397995
Hispanic,half_siblings,127,25,25.544277970347522
Hispanic,half_siblings,128,21,20.457827882174243
Hispanic,half_siblings,129,21,15.191234086612745
Hispanic,half_siblings,130,18,19.156474661056926
Hispanic,half_siblings,131,27,23.4995110112922
Hispanic,half_siblings,132,24,25.413804238163003
Hispanic,half_siblings,133,28,23.331571762982197
Hispanic,half_siblings,134,19,18.54725048817426
Hispanic,half_siblings,135,25,23.40911542854074
Hispanic,half_siblings,136,26,21.698540404718727
Hispanic,half_siblings,137,24,15.082219666634597
Hispanic,half_siblings,138,24,24.56811664156229
Hispanic,half_siblings,139,32,25.22948642121322
Hispanic,half_siblings,140,24,26.255543114526166
Hispanic,half_siblings,141,27,21.36418344252182
Hispanic,half_siblings,142,27,29.99393887502745
Hispanic,half_siblings,143,23,26.622144510630285
Hispanic,half_siblings,144,28,24.39624226173579
Hispanic,half_siblings,145,33,30.196583665373115
Hispanic,half_siblings,146,20,23.180130919368963
Hispanic,half_siblings,147,25,25.90569052433169
Hispanic,half_siblings,148,25,21.74568836219768
Hispanic,half_siblings,149,24,24.726883394799987
Hispanic,half_siblings,150,27,26.50023036136064
Hispanic,half_siblings,151,23,15.33375793241081
Hispanic,half_siblings,152,26,20.243284708112196
Hispanic,half_siblings,153,23,23.918140507341917
Hispanic,half_siblings,154,25,19.901986566989017
Hispanic,half_siblings,155,24,14.909702452392324
Hispanic,half_siblings,156,23,16.969636156365468
Hispanic,half_siblings,157,28,34.16795182345637
Hispanic,half_siblings,158,22,26.00352965889254
Hispanic,half_siblings,159,23,22.28070996131476
Hispanic,half_siblings,160,24,16.774422084094624
Hispanic,half_siblings,161,25,21.67829387605858
Hispanic,half_siblings,162,24,20.994500290124225
Hispanic,half_siblings,163,27,22.364863782738787
Hispanic,half_siblings,164,27,25.48524096444061
Hispanic,half_siblings,165,20,19.747551487644433
Hispanic,half_siblings,166,26,25.35649916350175
Hispanic,half_siblings,167,26,25.304949617195017
Hispanic,half_siblings,168,25,23.6350421003984
Hispanic,half_siblings,169,26,24.728625199288054
Hispanic,half_siblings,170,26,29.42141765958676
Hispanic,half_siblings,171,26,17.133154839576676
Hispanic,half_siblings,172,25,20.666659464228953
Hispanic,half_siblings,173,23,17.377296334708362
Hispanic,half_siblings,174,22,19.178863833813324
Hispanic,half_siblings,175,23,23.532085941406905
Hispanic,half_siblings,176,24,26.328056238116222
Hispanic,half_siblings,177,25,23.127752344192068
Hispanic,half_siblings,178,29,30.742958017445492
Hispanic,half_siblings,179,27,21.27838367777995
Hispanic,half_siblings,180,25,25.427850251092323
Hispanic,half_siblings,181,25,26.18031930166238
Hispanic,half_siblings,182,25,22.447445374620344
Hispanic,half_siblings,183,25,21.315062244852154
Hispanic,half_siblings,184,27,32.45554150750162
Hispanic,half_siblings,185,24,17.668248364020037
Hispanic,half_siblings,186,21,22.144083131571314
Hispanic,half_siblings,187,19,17.688831043721162
Hispanic,half_siblings,188,25,27.25170627729964
Hispanic,half_siblings,189,25,23.832048651985268
Hispanic,half_siblings,190,27,23.417401859070424
Hispanic,half_siblings,191,19,12.623427038197434
Hispanic,half_siblings,192,24,24.365602554163235
Hispanic,half_siblings,193,24,19.416641847654425
Hispanic,half_siblings,194,30,24.486615587960024
Hispanic,half_siblings,195,24,27.384980072116335
Hispanic,half_siblings,196,23,22.603050735052893
Hispanic,half_siblings,197,27,22.9880200121044
Hispanic,half_siblings,198,27,19.116503709695063
Hispanic,half_siblings,199,25,19.851715607807723
Hispanic,half_siblings,200,27,22.60545585142674
Hispanic,half_siblings,201,28,36.53484567809042
Hispanic,half_siblings,202,20,15.940698444105283
Hispanic,half_siblings,203,27,29.76232344609787
Hispanic,half_siblings,204,25,23.344042840992262
Hispanic,half_siblings,205,32,25.118074255924007
Hispanic,half_siblings,206,27,25.766997706518644
Hispanic,half_siblings,207,21,15.80583232833079
Hispanic,half_siblings,208,30,29.176363318199886
Hispanic,half_siblings,209,31,34.418649200981484
Hispanic,half_siblings,210,23,20.967878039050394
Hispanic,half_siblings,211,23,17.3034509315745
Hispanic,half_siblings,212,18,16.152801214319666
Hispanic,half_siblings,213,30,30.14120794246945
Hispanic,half_siblings,214,28,19.562495766200044
Hispanic,half_siblings,215,21,15.12016852962804
Hispanic,half_siblings,216,20,11.882188920019425
Hispanic,half_siblings,217,31,28.000583750184393
Hispanic,half_siblings,218,25,25.565456473029407
Hispanic,half_siblings,219,23,26.54196091630414
Hispanic,half_siblings,220,26,28.108622569279575
Hispanic,half_siblings,221,23,27.935214152910547
Hispanic,half_siblings,222,32,25.280700046479392
Hispanic,half_siblings,223,29,29.867750584878177
Hispanic,half_siblings,224,27,19.488759090808752
Hispanic,half_siblings,225,21,21.87959673704721
Hispanic,half_siblings,226,22,25.972525576875846
Hispanic,half_siblings,227,25,30.119584329455428
Hispanic,half_siblings,228,25,24.548294351936583
Hispanic,half_siblings,229,21,23.695390312433382
Hispanic,half_siblings,230,25,26.586385798829145
Hispanic,half_siblings,231,21,15.867371793961967
Hispanic,half_siblings,232,24,25.819254673015042
Hispanic,half_siblings,233,24,25.243836187051414
Hispanic,half_siblings,234,21,21.177076084710396
Hispanic,half_siblings,235,20,15.593387618670745
Hispanic,half_siblings,236,25,22.335488588308532
Hispanic,half_siblings,237,25,21.631461812350647
Hispanic,half_siblings,238,23,17.795788827225145
Hispanic,half_siblings,239,23,19.748878664689204
Hispanic,half_siblings,240,28,28.7749880213254
Hispanic,half_siblings,241,29,17.782030988426776
Hispanic,half_siblings,242,28,25.248520742514433
Hispanic,half_siblings,243,25,22.49735371503004
Hispanic,half_siblings,244,22,18.838161086284412
Hispanic,half_siblings,245,23,25.077217598765863
Hispanic,half_siblings,246,22,14.605600089759397
Hispanic,half_siblings,247,23,31.270159703084396
Hispanic,half_siblings,248,28,28.334342869643287
Hispanic,half_siblings,249,27,25.41703352403633
Hispanic,half_siblings,250,31,29.24605466028398
Hispanic,half_siblings,251,20,12.580560729931973
Hispanic,half_siblings,252,26,27.79122041564519
Hispanic,half_siblings,253,27,26.356732960580512
Hispanic,half_siblings,254,24,27.137870637086884
Hispanic,half_siblings,255,25,20.108720890274142
Hispanic,half_siblings,256,24,20.976076729474936
Hispanic,half_siblings,257,24,21.25345521117881
Hispanic,half_siblings,258,22,19.70651593009719
Hispanic,half_siblings,259,19,8.332785451034622
Hispanic,half_siblings,260,26,37.79043129637187
Hispanic,half_siblings,261,23,23.499330471848978
Hispanic,half_siblings,262,21,21.200030077960097
Hispanic,half_siblings,263,26,24.59393835170758
Hispanic,half_siblings,264,25,26.42712991037796
Hispanic,half_siblings,265,22,17.96364409968898
Hispanic,half_siblings,266,23,18.739822261324235
Hispanic,half_siblings,267,28,31.886239221866752
Hispanic,half_siblings,268,18,13.001091462036001
Hispanic,half_siblings,269,18,9.62543874312529
Hispanic,half_siblings,270,23,16.289282870056866
Hispanic,half_siblings,271,24,27.108767637439904
Hispanic,half_siblings,272,26,21.12730974515894
Hispanic,half_siblings,273,28,28.47765988341348
Hispanic,half_siblings,274,24,24.984740664707697
Hispanic,half_siblings,275,29,37.67647853413129
Hispanic,half_siblings,276,27,30.243982734575972
Hispanic,half_siblings,277,28,38.152988862625755
Hispanic,half_siblings,278,25,29.102740987034416
Hispanic,half_siblings,279,28,23.416484080667644
Hispanic,half_siblings,280,27,32.931231987338734
Hispanic,half_siblings,281,23,15.082315128881794
Hispanic,half_siblings,282,21,14.788142749041908
Hispanic,half_siblings,283,26,18.63108647936207
Hispanic,half_siblings,284,29,24.338680172869886
Hispanic,half_siblings,285,24,20.818776417762077
Hispanic,half_siblings,286,21,24.472040057444346
Hispanic,half_siblings,287,21,18.178348026946612
Hispanic,half_siblings,288,21,19.65809843036592
Hispanic,half_siblings,289,27,23.78290605427707
Hispanic,half_siblings,290,32,19.616897913801484
Hispanic,half_siblings,291,23,13.633369270728531
Hispanic,half_siblings,292,24,17.923266723647643
Hispanic,half_siblings,293,26,19.309785820201526
Hispanic,half_siblings,294,25,23.791508538576846
Hispanic,half_siblings,295,28,30.64917080983866
Hispanic,half_siblings,296,23,30.402424013525028
Hispanic,half_siblings,297,21,16.98111886857858
Hispanic,half_siblings,298,23,21.566643625099086
Hispanic,half_siblings,299,26,25.759123189840526
Hispanic,half_siblings,300,27,30.188424592849728
Hispanic,half_siblings,301,24,17.462917876028357
Hispanic,half_siblings,302,25,23.53328996574759
Hispanic,half_siblings,303,23,20.902927128563906
Hispanic,half_siblings,304,25,23.84774589370729
Hispanic,half_siblings,305,25,16.6654641141351
Hispanic,half_siblings,306,25,18.59563700605647
Hispanic,half_siblings,307,28,21.981313282466072
Hispanic,half_siblings,308,27,23.95741595021268
Hispanic,half_siblings,309,24,17.904175779196898
Hispanic,half_siblings,310,23,19.941268227472808
Hispanic,half_siblings,311,28,23.927330713473722
Hispanic,half_siblings,312,26,25.17013981889714
Hispanic,half_siblings,313,26,24.839846061646263
Hispanic,half_siblings,314,27,20.489236320096747
Hispanic,half_siblings,315,23,19.89993087624974
Hispanic,half_siblings,316,24,22.211000976396086
Hispanic,half_siblings,317,23,19.55402640203401
Hispanic,half_siblings,318,29,35.54212055338043
Hispanic,half_siblings,319,23,21.924477538233035
Hispanic,half_siblings,320,23,20.96076975189301
Hispanic,half_siblings,321,28,25.87937524832854
Hispanic,half_siblings,322,22,14.540554820383225
Hispanic,half_siblings,323,27,20.284939902366904
Hispanic,half_siblings,324,27,29.299062401566
Hispanic,half_siblings,325,24,16.784307636659292
Hispanic,half_siblings,326,20,18.07883660930042
Hispanic,half_siblings,327,24,16.165364359822597
Hispanic,half_siblings,328,25,27.228573789811087
Hispanic,half_siblings,329,26,28.512209417636154
Hispanic,half_siblings,330,22,21.010715729196797
Hispanic,half_siblings,331,23,18.371479816263825
Hispanic,half_siblings,332,24,17.19596772468569
Hispanic,half_siblings,333,25,29.291363970754965
Hispanic,half_siblings,334,22,20.95607873393667
Hispanic,half_siblings,335,26,24.06143855910003
Hispanic,half_siblings,336,27,34.160178010800706
Hispanic,half_siblings,337,28,24.42869088041776
Hispanic,half_siblings,338,28,23.126148316985766
Hispanic,half_siblings,339,26,29.83849816631493
Hispanic,half_siblings,340,23,18.52108103956719
Hispanic,half_siblings,341,22,18.068906469979183
Hispanic,half_siblings,342,27,25.498506972833642
Hispanic,half_siblings,343,18,16.930472983639298
Hispanic,half_siblings,344,26,23.473502280529324
Hispanic,half_siblings,345,23,19.148138088368203
Hispanic,half_siblings,346,27,23.94795475347628
Hispanic,half_siblings,347,20,16.717893703083398
Hispanic,half_siblings,348,24,18.883088359742636
Hispanic,half_siblings,349,32,24.918593119171007
Hispanic,half_siblings,350,24,25.79171657214274
Hispanic,half_siblings,351,24,20.86742082084632
Hispanic,half_siblings,352,24,24.853880451265102
Hispanic,half_siblings,353,27,24.14614407627343
Hispanic,half_siblings,354,25,31.386076976563224
Hispanic,half_siblings,355,26,29.85660627200667
Hispanic,half_siblings,356,24,19.35272851934417
Hispanic,half_siblings,357,26,17.883625672794114
Hispanic,half_siblings,358,28,33.123257701852246
Hispanic,half_siblings,359,25,21.868065767326208
Hispanic,half_siblings,360,24,24.31018621391602
Hispanic,half_siblings,361,23,27.417560349729342
Hispanic,half_siblings,362,28,23.973832790965183
Hispanic,half_siblings,363,22,22.65497902173857
Hispanic,half_siblings,364,28,23.329147187227786
Hispanic,half_siblings,365,30,32.66224946344224
Hispanic,half_siblings,366,28,29.34969132415245
Hispanic,half_siblings,367,24,19.870264745379856
Hispanic,half_siblings,368,32,26.866900932725116
Hispanic,half_siblings,369,25,21.49320198045522
Hispanic,half_siblings,370,24,18.609340980679594
Hispanic,half_siblings,371,24,21.903842185427962
Hispanic,half_siblings,372,25,28.00726202238548
Hispanic,half_siblings,373,26,27.34131964163981
Hispanic,half_siblings,374,26,30.857639486065736
Hispanic,half_siblings,375,25,24.654912115430353
Hispanic,half_siblings,376,26,23.867877196959963
Hispanic,half_siblings,377,24,28.935760770526347
Hispanic,half_siblings,378,22,20.33574709991384
Hispanic,half_siblings,379,25,29.655762806033355
Hispanic,half_siblings,380,30,34.71471934349034
Hispanic,half_siblings,381,21,21.092193792084878
Hispanic,half_siblings,382,27,28.204064126801903
Hispanic,half_siblings,383,27,33.47712504857584
Hispanic,half_siblings,384,21,20.15955126219789
Hispanic,half_siblings,385,24,18.07078466024026
Hispanic,half_siblings,386,21,14.317993729613178
Hispanic,half_siblings,387,30,21.909073341797818
Hispanic,half_siblings,388,22,16.008833840802893
Hispanic,half_siblings,389,29,26.801106309239174
Hispanic,half_siblings,390,27,16.96154575130061
Hispanic,half_siblings,391,25,29.42523421219082
Hispanic,half_siblings,392,28,25.84264354869932
Hispanic,half_siblings,393,27,22.73295776859352
Hispanic,half_siblings,394,27,21.538909609096162
Hispanic,half_siblings,395,26,24.50613870830756
Hispanic,half_siblings,396,29,32.70094133820814
Hispanic,half_siblings,397,28,25.314767095317247
Hispanic,half_siblings,398,30,27.896490525500997
Hispanic,half_siblings,399,28,24.539163135239583
Hispanic,half_siblings,400,26,29.94594759157214
Hispanic,half_siblings,401,25,25.802439746904557
Hispanic,half_siblings,402,23,19.104693952511113
Hispanic,half_siblings,403,24,18.275933821515675
Hispanic,half_siblings,404,23,20.94806177520328
Hispanic,half_siblings,405,24,23.05772035747221
Hispanic,half_siblings,406,26,21.11412878737004
Hispanic,half_siblings,407,25,25.77711861594957
Hispanic,half_siblings,408,28,21.06558781616523
Hispanic,half_siblings,409,26,20.45103270472118
Hispanic,half_siblings,410,26,21.63281813344634
Hispanic,half_siblings,411,22,17.612450713077436
Hispanic,half_siblings,412,28,26.52299551439963
Hispanic,half_siblings,413,23,28.888151987133163
Hispanic,half_siblings,414,23,18.77770023887636
Hispanic,half_siblings,415,25,22.512930141153262
Hispanic,half_siblings,416,23,20.54308070449634
Hispanic,half_siblings,417,20,13.410998760653536
Hispanic,half_siblings,418,28,24.891509783143118
Hispanic,half_siblings,419,27,27.977562761436637
Hispanic,half_siblings,420,25,25.857831177935786
Hispanic,half_siblings,421,25,16.275137477894457
Hispanic,half_siblings,422,19,19.686690144020613
Hispanic,half_siblings,423,20,16.576774658718367
Hispanic,half_siblings,424,24,17.142040180958958
Hispanic,half_siblings,425,23,24.90532989478656
Hispanic,half_siblings,426,25,24.370766635690423
Hispanic,half_siblings,427,27,22.399594625171066
Hispanic,half_siblings,428,30,28.27844222151786
Hispanic,half_siblings,429,27,28.597155154871448
Hispanic,half_siblings,430,28,37.102763057250144
Hispanic,half_siblings,431,24,18.086411746330974
Hispanic,half_siblings,432,22,23.89415464512427
Hispanic,half_siblings,433,28,22.46200231607495
Hispanic,half_siblings,434,31,26.128299270293958
Hispanic,half_siblings,435,27,20.486420570176833
Hispanic,half_siblings,436,24,24.82194754882027
Hispanic,half_siblings,437,24,23.633657950771575
Hispanic,half_siblings,438,26,27.54902084578052
Hispanic,half_siblings,439,23,27.282680934546697
Hispanic,half_siblings,440,23,28.61894813191651
Hispanic,half_siblings,441,28,27.57851704410578
Hispanic,half_siblings,442,26,22.046257220913375
Hispanic,half_siblings,443,26,18.825757644007968
Hispanic,half_siblings,444,19,13.683838889975533
Hispanic,half_siblings,445,26,15.883429650106544
Hispanic,half_siblings,446,22,20.887548616967734
Hispanic,half_siblings,447,19,20.259012193313264
Hispanic,half_siblings,448,25,28.350651201570248
Hispanic,half_siblings,449,28,26.969691986496017
Hispanic,half_siblings,450,27,35.767160375292484
Hispanic,half_siblings,451,21,25.222111189379305
Hispanic,half_siblings,452,23,21.61106647243896
Hispanic,half_siblings,453,27,28.092844177847137
Hispanic,half_siblings,454,28,22.897951636517373
Hispanic,half_siblings,455,24,33.494019187848366
Hispanic,half_siblings,456,32,33.01335300600263
Hispanic,half_siblings,457,24,19.861697437226045
Hispanic,half_siblings,458,29,31.54724410412734
Hispanic,half_siblings,459,21,17.64123147057142
Hispanic,half_siblings,460,24,22.498067320847774
Hispanic,half_siblings,461,20,15.555715388057
Hispanic,half_siblings,462,18,16.506018778380408
Hispanic,half_siblings,463,29,28.712910130807956
Hispanic,half_siblings,464,25,19.738154909801448
Hispanic,half_siblings,465,25,27.31239444936138
Hispanic,half_siblings,466,21,22.202563938580354
Hispanic,half_siblings,467,23,25.74575416799352
Hispanic,half_siblings,468,24,25.392093704231268
Hispanic,half_siblings,469,25,15.101794641606347
Hispanic,half_siblings,470,28,23.494124067664607
Hispanic,half_siblings,471,26,23.525773819147584
Hispanic,half_siblings,472,26,26.39698357035146
Hispanic,half_siblings,473,21,11.999947144351097
Hispanic,half_siblings,474,29,19.12173535414242
Hispanic,half_siblings,475,28,30.35081359091645
Hispanic,half_siblings,476,22,18.646975047843384
Hispanic,half_siblings,477,23,27.068956943776307
Hispanic,half_siblings,478,20,14.191073107173303
Hispanic,half_siblings,479,19,16.427250910071535
Hispanic,half_siblings,480,21,16.88616525057165
Hispanic,half_siblings,481,22,20.711811264088848
Hispanic,half_siblings,482,24,24.461225985172774
Hispanic,half_siblings,483,25,18.4707073251071
Hispanic,half_siblings,484,24,17.30322388285414
Hispanic,half_siblings,485,28,26.03627646896359
Hispanic,half_siblings,486,27,20.47419604386681
Hispanic,half_siblings,487,20,13.447453754202064
Hispanic,half_siblings,488,21,22.5452590938249
Hispanic,half_siblings,489,20,18.453078163448364
Hispanic,half_siblings,490,34,30.02430871288192
Hispanic,half_siblings,491,27,24.071829139948253
Hispanic,half_siblings,492,27,28.446680266160932
Hispanic,half_siblings,493,24,27.245615877959892
Hispanic,half_siblings,494,25,25.09920261167726
Hispanic,half_siblings,495,31,23.379085624255946
Hispanic,half_siblings,496,21,18.603436058092093
Hispanic,half_siblings,497,24,24.51022688077119
Hispanic,half_siblings,498,24,29.670883341298474
Hispanic,half_siblings,499,21,15.264575859120814
Hispanic,half_siblings,500,22,24.318957869007505
Hispanic,cousins,1,19,9.511786239728167
Hispanic,cousins,2,19,4.948998761399622
Hispanic,cousins,3,18,9.625825098127937
Hispanic,cousins,4,18,7.264569216943858
Hispanic,cousins,5,18,4.771375984172478
Hispanic,cousins,6,14,6.511709018462939
Hispanic,cousins,7,15,5.221184470720248
Hispanic,cousins,8,18,4.940554528812398
Hispanic,cousins,9,18,5.130016322622743
Hispanic,cousins,10,18,10.567589540036874
Hispanic,cousins,11,15,8.474468169194171
Hispanic,cousins,12,22,8.53827551092913
Hispanic,cousins,13,19,5.412078361167766
Hispanic,cousins,14,19,5.69618323468464
Hispanic,cousins,15,18,3.9875112195690665
Hispanic,cousins,16,14,5.396237443448934
Hispanic,cousins,17,15,2.678041267004252
Hispanic,cousins,18,18,6.789931489267151
Hispanic,cousins,19,23,7.2943814474706015
Hispanic,cousins,20,17,4.009323502974606
Hispanic,cousins,21,18,5.352812305980329
Hispanic,cousins,22,16,7.3479841476598535
Hispanic,cousins,23,19,5.524223772025786
Hispanic,cousins,24,19,3.1254328806104885
Hispanic,cousins,25,12,2.764278760594734
Hispanic,cousins,26,20,8.355456049904156
Hispanic,cousins,27,19,7.44869296929242
Hispanic,cousins,28,23,6.784704926915725
Hispanic,cousins,29,21,6.444169246518274
Hispanic,cousins,30,27,10.593797269912418
Hispanic,cousins,31,20,5.246850591218146
Hispanic,cousins,32,12,2.3767145184459704
Hispanic,cousins,33,13,3.225565279249685
Hispanic,cousins,34,18,7.004803313721548
Hispanic,cousins,35,20,7.777101172383686
Hispanic,cousins,36,24,5.476373414627579
Hispanic,cousins,37,16,5.477410612972615
Hispanic,cousins,38,19,4.513146492161191
Hispanic,cousins,39,15,3.739785348104597
Hispanic,cousins,40,13,2.9694011099122184
Hispanic,cousins,41,23,7.102755142811811
Hispanic,cousins,42,16,3.6395120289868466
Hispanic,cousins,43,20,5.809692183261783
Hispanic,cousins,44,21,8.37098018922992
Hispanic,cousins,45,17,5.417082841305792
Hispanic,cousins,46,23,12.407732124979173
Hispanic,cousins,47,18,5.8248846822992
Hispanic,cousins,48,20,5.2513288775631395
Hispanic,cousins,49,21,7.344239131395408
Hispanic,cousins,50,17,5.660301063077912
Hispanic,cousins,51,19,7.935742460664532
Hispanic,cousins,52,15,4.293733611431693
Hispanic,cousins,53,20,8.612491864576267
Hispanic,cousins,54,15,3.743534660710255
Hispanic,cousins,55,17,3.4142239333988353
Hispanic,cousins,56,18,10.588760582536308
Hispanic,cousins,57,16,4.833532072096221
Hispanic,cousins,58,17,6.779506565931564
Hispanic,cousins,59,18,5.577813036810847
Hispanic,cousins,60,22,6.613494782053381
Hispanic,cousins,61,20,5.595233553689753
Hispanic,cousins,62,16,4.352087175964696
Hispanic,cousins,63,17,6.201469241639318
Hispanic,cousins,64,16,4.446127294433978
Hispanic,cousins,65,21,7.7992419032112
Hispanic,cousins,66,17,8.96644919745253
Hispanic,cousins,67,19,5.931839834059626
Hispanic,cousins,68,17,4.3229628213151186
Hispanic,cousins,69,19,5.755589738208251
Hispanic,cousins,70,16,5.555873415161128
Hispanic,cousins,71,25,7.6718526460730345
Hispanic,cousins,72,15,5.987302286928018
Hispanic,cousins,73,18,6.8412825110625235
Hispanic,cousins,74,15,4.121596627891699
Hispanic,cousins,75,18,3.617345300850379
Hispanic,cousins,76,17,7.823214356748566
Hispanic,cousins,77,14,3.2089138890610283
Hispanic,cousins,78,18,6.490713723365298
Hispanic,cousins,79,15,6.871888909325109
Hispanic,cousins,80,19,5.179204580023308
Hispanic,cousins,81,21,8.714813704700171
Hispanic,cousins,82,24,8.95206230640609
Hispanic,cousins,83,21,2.8597009210436894
Hispanic,cousins,84,11,2.3457417461155057
Hispanic,cousins,85,22,9.828135411315321
Hispanic,cousins,86,21,9.166046721904555
Hispanic,cousins,87,16,2.122604394840993
Hispanic,cousins,88,20,3.6476812921984942
Hispanic,cousins,89,21,8.019199042367681
Hispanic,cousins,90,17,3.2608824443150515
Hispanic,cousins,91,19,6.929123858552458
Hispanic,cousins,92,16,6.478719960487898
Hispanic,cousins,93,15,5.009854782362598
Hispanic,cousins,94,20,7.678711104886177
Hispanic,cousins,95,24,4.772379737732637
Hispanic,cousins,96,21,6.932117447677043
Hispanic,cousins,97,16,3.6141047089979255
Hispanic,cousins,98,16,2.894662425152375
Hispanic,cousins,99,15,3.677130403523548
Hispanic,cousins,100,17,5.819335922620986
Hispanic,cousins,101,22,8.871656248607465
Hispanic,cousins,102,24,8.2240801261355
Hispanic,cousins,103,18,8.460111873791327
Hispanic,cousins,104,17,5.681203173200045
Hispanic,cousins,105,17,5.320838270595894
Hispanic,cousins,106,20,7.324348275053962
Hispanic,cousins,107,20,6.779756557290052
Hispanic,cousins,108,20,4.505082379648067
Hispanic,cousins,109,21,5.639385933202949
Hispanic,cousins,110,19,7.761362470780404
Hispanic,cousins,111,25,7.207881872467818
Hispanic,cousins,112,20,6.745214696312758
Hispanic,cousins,113,19,7.20865530703697
Hispanic,cousins,114,27,10.81072445068688
Hispanic,cousins,115,22,9.794604945235182
Hispanic,cousins,116,13,2.8655545101195723
Hispanic,cousins,117,18,5.057103423978753
Hispanic,cousins,118,17,4.57493815435593
Hispanic,cousins,119,17,4.370235656706018
Hispanic,cousins,120,20,7.8887210156108125
Hispanic,cousins,121,12,4.878452735035296
Hispanic,cousins,122,23,7.259441551195618
Hispanic,cousins,123,21,6.065335213446759
Hispanic,cousins,124,20,6.843001746587109
Hispanic,cousins,125,18,6.460784187586296
Hispanic,cousins,126,17,4.494972388976341
Hispanic,cousins,127,20,7.551977450293846
Hispanic,cousins,128,18,4.285721418183775
Hispanic,cousins,129,15,3.975471883909499
Hispanic,cousins,130,18,3.733905978534099
Hispanic,cousins,131,17,3.706650724905545
Hispanic,cousins,132,17,5.838059656372937
Hispanic,cousins,133,19,6.292145131211197
Hispanic,cousins,134,23,7.295724022760011
Hispanic,cousins,135,16,7.6710203630099825
Hispanic,cousins,136,23,8.035743857748962
Hispanic,cousins,137,16,5.521393171112913
Hispanic,cousins,138,19,6.669710237755162
Hispanic,cousins,139,15,4.414593777468531
Hispanic,cousins,140,18,9.17858142351704
Hispanic,cousins,141,19,4.543776728491088
Hispanic,cousins,142,20,8.196900229889835
Hispanic,cousins,143,16,8.307119466168466
Hispanic,cousins,144,18,6.417870696676621
Hispanic,cousins,145,20,14.19753989850017
Hispanic,cousins,146,25,5.123091672760149
Hispanic,cousins,147,19,11.430049578797178
Hispanic,cousins,148,19,5.278831077597521
Hispanic,cousins,149,17,3.8309752852350982
Hispanic,cousins,150,18,4.931534654095191
Hispanic,cousins,151,20,4.6466146196438425
Hispanic,cousins,152,20,6.386240435390787
Hispanic,cousins,153,16,6.283310697628907
Hispanic,cousins,154,21,7.230504357115114
Hispanic,cousins,155,20,5.701918225851252
Hispanic,cousins,156,16,8.349265736352649
Hispanic,cousins,157,17,3.5783908258315917
Hispanic,cousins,158,22,9.333219057587195
Hispanic,cousins,159,19,7.747327040298775
Hispanic,cousins,160,20,6.612825401612772
Hispanic,cousins,161,21,10.815430531993584
Hispanic,cousins,162,20,9.645594886335141
Hispanic,cousins,163,19,9.558360099146881
Hispanic,cousins,164,20,6.543448492827182
Hispanic,cousins,165,17,8.40324249951878
Hispanic,cousins,166,19,6.4394566829417235
Hispanic,cousins,167,22,6.6469357148690875
Hispanic,cousins,168,17,4.285142726713202
Hispanic,cousins,169,20,6.895681281172925
Hispanic,cousins,170,18,8.047308867999753
Hispanic,cousins,171,17,8.099918569978621
Hispanic,cousins,172,18,7.574541395626561
Hispanic,cousins,173,16,5.92180038764747
Hispanic,cousins,174,22,6.501066096671327
Hispanic,cousins,175,16,3.7395385789401505
Hispanic,cousins,176,19,6.27182035232179
Hispanic,cousins,177,23,5.8487804610202065
Hispanic,cousins,178,20,5.604629352813733
Hispanic,cousins,179,25,8.100667003300787
Hispanic,cousins,180,20,8.133002020818525
Hispanic,cousins,181,17,5.420796767749951
Hispanic,cousins,182,24,7.960870025371509
Hispanic,cousins,183,21,10.373970829619669
Hispanic,cousins,184,22,5.984554114769977
Hispanic,cousins,185,12,4.64675409854003
Hispanic,cousins,186,24,7.469995837009883
Hispanic,cousins,187,16,6.3987974502896465
Hispanic,cousins,188,19,6.749715755867043
Hispanic,cousins,189,7,0.8946769092532676
Hispanic,cousins,190,13,2.706354173667345
Hispanic,cousins,191,18,3.2283267842671073
Hispanic,cousins,192,24,9.000543240358702
Hispanic,cousins,193,15,7.608399576317925
Hispanic,cousins,194,24,9.128625682492817
Hispanic,cousins,195,24,13.095177666109706
Hispanic,cousins,196,22,5.22605650167085
Hispanic,cousins,197,18,5.737238651146561
Hispanic,cousins,198,22,7.111055118020756
Hispanic,cousins,199,20,6.392005251687892
Hispanic,cousins,200,16,3.0732886028015804
Hispanic,cousins,201,15,2.320989253520209
Hispanic,cousins,202,21,8.449004840414146
Hispanic,cousins,203,19,5.264856775109324
Hispanic,cousins,204,17,5.364669764063047
Hispanic,cousins,205,19,7.093193986430189
Hispanic,cousins,206,22,6.703337392216528
Hispanic,cousins,207,19,5.819460808004333
Hispanic,cousins,208,18,7.103024072891823
Hispanic,cousins,209,21,5.318796222279194
Hispanic,cousins,210,22,9.130396509867197
Hispanic,cousins,211,20,8.167565992265754
Hispanic,cousins,212,20,8.349392711608411
Hispanic,cousins,213,23,7.268665947020515
Hispanic,cousins,214,21,9.819364572662316
Hispanic,cousins,215,23,7.954023286573602
Hispanic,cousins,216,25,7.741236855776916
Hispanic,cousins,217,15,4.146335206247689
Hispanic,cousins,218,16,6.342516170943062
Hispanic,cousins,219,23,7.421403157744089
Hispanic,cousins,220,20,7.60555494369591
Hispanic,cousins,221,15,3.5719116643554814
Hispanic,cousins,222,22,9.469536059677825
Hispanic,cousins,223,16,3.787814147102272
Hispanic,cousins,224,19,4.783729177546711
Hispanic,cousins,225,15,2.508632451257947
Hispanic,cousins,226,21,4.055864783286782
Hispanic,cousins,227,17,6.875884382764211
Hispanic,cousins,228,18,4.441142659008577
Hispanic,cousins,229,19,8.334020203851738
Hispanic,cousins,230,19,7.7601553546748585
Hispanic,cousins,231,17,4.126858845201732
Hispanic,cousins,232,19,4.519088627164831
Hispanic,cousins,233,18,6.79832841247227
Hispanic,cousins,234,25,11.017881132808606
Hispanic,cousins,235,20,8.191507361200271
Hispanic,cousins,236,21,7.0954868915775835
Hispanic,cousins,237,18,5.084158156317007
Hispanic,cousins,238,17,6.4903802845984595
Hispanic,cousins,239,21,7.554101292802236
Hispanic,cousins,240,16,7.122227388937014
Hispanic,cousins,241,22,5.720564627168807
Hispanic,cousins,242,14,3.2782716739586313
Hispanic,cousins,243,16,6.729104050849481
Hispanic,cousins,244,26,11.940049720136352
Hispanic,cousins,245,19,7.059260909026304
Hispanic,cousins,246,22,8.186153277982333
Hispanic,cousins,247,12,3.109214601685676
Hispanic,cousins,248,16,8.973312108551358
Hispanic,cousins,249,19,8.764512333130124
Hispanic,cousins,250,19,6.489366062516149
Hispanic,cousins,251,18,7.313375103498273
Hispanic,cousins,252,22,8.393933643599023
Hispanic,cousins,253,21,7.233823912797047
Hispanic,cousins,254,17,4.717163932023396
Hispanic,cousins,255,23,6.315348827520975
Hispanic,cousins,256,22,7.981468994278977
Hispanic,cousins,257,17,9.050092622528283
Hispanic,cousins,258,21,7.892278090689802
Hispanic,cousins,259,15,4.332888923184948
Hispanic,cousins,260,21,7.35798014423953
Hispanic,cousins,261,19,8.013925877997792
Hispanic,cousins,262,16,3.4724121866943265
Hispanic,cousins,263,20,10.631494672162573
Hispanic,cousins,264,19,7.065696196457123
Hispanic,cousins,265,17,5.451518617264523
Hispanic,cousins,266,24,8.89324448839421
Hispanic,cousins,267,17,3.545671999896839
Hispanic,cousins,268,19,7.806372061853785
Hispanic,cousins,269,15,5.212633388160618
Hispanic,cousins,270,21,6.664166690226217
Hispanic,cousins,271,23,5.999000819909817
Hispanic,cousins,272,16,4.178811934507502
Hispanic,cousins,273,19,7.605794986882751
Hispanic,cousins,274,13,5.2500212261372825
Hispanic,cousins,275,23,8.534296910939256
Hispanic,cousins,276,15,3.6782629363791925
Hispanic,cousins,277,13,3.7927902042100823
Hispanic,cousins,278,16,5.602636658890994
Hispanic,cousins,279,14,5.730381894032434
Hispanic,cousins,280,19,6.364340079805283
Hispanic,cousins,281,22,6.865302026580004
Hispanic,cousins,282,16,5.234903471181218
Hispanic,cousins,283,22,6.080246395686433
Hispanic,cousins,284,19,6.862057964314574
Hispanic,cousins,285,24,9.363416728718356
Hispanic,cousins,286,21,9.68339566685892
Hispanic,cousins,287,19,6.529318145819384
Hispanic,cousins,288,17,7.5668805617680555
Hispanic,cousins,289,20,7.365499778461355
Hispanic,cousins,290,16,7.391014239926481
Hispanic,cousins,291,18,8.262032957167225
Hispanic,cousins,292,19,8.934376913344838
Hispanic,cousins,293,22,8.439895729282753
Hispanic,cousins,294,12,2.084746121459423
Hispanic,cousins,295,21,4.822144889407118
Hispanic,cousins,296,18,7.3511912396162185
Hispanic,cousins,297,21,8.645731014408867
Hispanic,cousins,298,18,4.224537961790851
Hispanic,cousins,299,17,9.819122574496296
Hispanic,cousins,300,24,6.416695101339194
Hispanic,cousins,301,24,8.664365181666401
Hispanic,cousins,302,22,8.49060557670851
Hispanic,cousins,303,16,5.493030565263915
Hispanic,cousins,304,20,8.329610525574532
Hispanic,cousins,305,24,7.062511158867995
Hispanic,cousins,306,19,4.621395580989337
Hispanic,cousins,307,19,5.993559543349032
Hispanic,cousins,308,21,7.123959652720634
Hispanic,cousins,309,17,6.288502961234621
Hispanic,cousins,310,22,4.506857276351345
Hispanic,cousins,311,24,12.315158645746362
Hispanic,cousins,312,17,1.9457203265345906
Hispanic,cousins,313,26,6.272842053289178
Hispanic,cousins,314,20,6.449187524150705
Hispanic,cousins,315,23,9.577561336221422
Hispanic,cousins,316,19,5.66370869641133
Hispanic,cousins,317,16,5.903077455944292
Hispanic,cousins,318,29,10.28104903659595
Hispanic,cousins,319,17,8.450869857435407
Hispanic,cousins,320,15,2.7927944174490964
Hispanic,cousins,321,15,3.8190232487490894
Hispanic,cousins,322,17,5.956726998435388
Hispanic,cousins,323,21,9.73262061555706
Hispanic,cousins,324,21,8.417990668018533
Hispanic,cousins,325,21,6.646972374023569
Hispanic,cousins,326,23,8.364410604901687
Hispanic,cousins,327,18,8.082285438740621
Hispanic,cousins,328,22,5.9292401437543445
Hispanic,cousins,329,21,8.445111097797204
Hispanic,cousins,330,20,10.261736584025337
Hispanic,cousins,331,22,4.5238552621647905
Hispanic,cousins,332,24,8.28767119956036
Hispanic,cousins,333,16,4.3121751866429685
Hispanic,cousins,334,16,5.240579720644409
Hispanic,cousins,335,18,3.3293148081727137
Hispanic,cousins,336,20,8.808075286339204
Hispanic,cousins,337,20,8.517136148688486
Hispanic,cousins,338,18,11.197382882399516
Hispanic,cousins,339,19,7.449880225721591
Hispanic,cousins,340,21,10.687555879912109
Hispanic,cousins,341,21,7.301761336563881
Hispanic,cousins,342,17,6.767367070266833
Hispanic,cousins,343,26,7.955773170283752
Hispanic,cousins,344,18,7.12326652601303
Hispanic,cousins,345,26,9.296184913570407
Hispanic,cousins,346,19,9.213591542098886
Hispanic,cousins,347,15,3.8486414577080676
Hispanic,cousins,348,18,5.272878894107971
Hispanic,cousins,349,17,4.73797942225403
Hispanic,cousins,350,19,6.517718222043079
Hispanic,cousins,351,21,9.634996683339365
Hispanic,cousins,352,19,5.351682853802069
Hispanic,cousins,353,19,6.9603472078016715
Hispanic,cousins,354,22,8.984763705402326
Hispanic,cousins,355,21,6.147764345405935
Hispanic,cousins,356,19,5.9489644822571295
Hispanic,cousins,357,23,10.582159294174161
Hispanic,cousins,358,17,4.826456417093312
Hispanic,cousins,359,12,2.8449145777933165
Hispanic,cousins,360,21,5.945940977781578
Hispanic,cousins,361,18,7.932762893705784
Hispanic,cousins,362,22,6.689251302286205
Hispanic,cousins,363,27,10.026861094165097
Hispanic,cousins,364,17,5.103307842212777
Hispanic,cousins,365,16,6.159510684564405
Hispanic,cousins,366,20,7.183078961405128
Hispanic,cousins,367,20,8.125469962040087
Hispanic,cousins,368,16,4.6640334050612715
Hispanic,cousins,369,16,4.097305943822205
Hispanic,cousins,370,20,5.071065407497457
Hispanic,cousins,371,22,8.981436350078072
Hispanic,cousins,372,17,5.2235352277768055
Hispanic,cousins,373,17,6.7099960017963705
Hispanic,cousins,374,16,6.748594163898961
Hispanic,cousins,375,17,8.060288682811976
Hispanic,cousins,376,19,5.49216850944193
Hispanic,cousins,377,17,11.31353245033522
Hispanic,cousins,378,18,8.49961597996973
Hispanic,cousins,379,19,7.873863695262943
Hispanic,cousins,380,20,8.282497248177476
Hispanic,cousins,381,18,5.9450812114317735
Hispanic,cousins,382,21,9.18041523525619
Hispanic,cousins,383,18,6.125681212654367
Hispanic,cousins,384,20,7.204533466693782
Hispanic,cousins,385,19,7.327365585160739
Hispanic,cousins,386,17,5.326123419724039
Hispanic,cousins,387,16,4.697889287974159
Hispanic,cousins,388,14,3.0285085620721635
Hispanic,cousins,389,19,3.7338288307471634
Hispanic,cousins,390,16,4.465191570543089
Hispanic,cousins,391,20,7.005321240098092
Hispanic,cousins,392,13,2.751539738813579
Hispanic,cousins,393,21,6.877791789657293
Hispanic,cousins,394,17,4.129571208491229
Hispanic,cousins,395,21,10.722680730574885
Hispanic,cousins,396,17,6.92694623809706
Hispanic,cousins,397,17,3.316129686552044
Hispanic,cousins,398,22,6.231562999604996
Hispanic,cousins,399,15,6.020471062299574
Hispanic,cousins,400,20,5.514198406966553
Hispanic,cousins,401,19,7.602742018656842
Hispanic,cousins,402,19,5.322358729422446
Hispanic,cousins,403,22,7.316297671648776
Hispanic,cousins,404,20,4.86562859522382
Hispanic,cousins,405,20,5.774794481852827
Hispanic,cousins,406,18,8.139021842588829
Hispanic,cousins,407,23,8.25660997421433
Hispanic,cousins,408,19,7.487834946855547
Hispanic,cousins,409,14,4.699683930276342
Hispanic,cousins,410,16,4.573791273558096
Hispanic,cousins,411,14,4.120898213378046
Hispanic,cousins,412,20,4.846909891443517
Hispanic,cousins,413,20,7.208853755033829
Hispanic,cousins,414,20,9.03946198997489
Hispanic,cousins,415,23,7.400631181055706
Hispanic,cousins,416,17,6.61952243023592
Hispanic,cousins,417,19,6.3652985739482615
Hispanic,cousins,418,18,5.984557295410951
Hispanic,cousins,419,19,4.394684382913907
Hispanic,cousins,420,20,5.495429802782067
Hispanic,cousins,421,18,8.44179683663609
Hispanic,cousins,422,18,6.981635998018317
Hispanic,cousins,423,21,7.431918349439191
Hispanic,cousins,424,17,7.096881798568525
Hispanic,cousins,425,15,4.645642151163094
Hispanic,cousins,426,19,7.233340852167393
Hispanic,cousins,427,19,5.658337159009751
Hispanic,cousins,428,17,3.71523593886337
Hispanic,cousins,429,16,5.079033193304085
Hispanic,cousins,430,18,5.830534293727353
Hispanic,cousins,431,16,3.769560415167801
Hispanic,cousins,432,21,8.268825012694723
Hispanic,cousins,433,15,6.726240877437525
Hispanic,cousins,434,18,4.857235888389842
Hispanic,cousins,435,19,6.387795886500777
Hispanic,cousins,436,22,6.20641237975845
Hispanic,cousins,437,19,5.646315851040634
Hispanic,cousins,438,19,5.367629610296918
Hispanic,cousins,439,19,6.751586478709955
Hispanic,cousins,440,15,2.9808570071091105
Hispanic,cousins,441,17,5.094950423822046
Hispanic,cousins,442,22,8.008444855267324
Hispanic,cousins,443,21,5.360017540250517
Hispanic,cousins,444,21,6.397936014755289
Hispanic,cousins,445,21,10.68301306475221
Hispanic,cousins,446,21,5.602357449396893
Hispanic,cousins,447,27,8.574801383593382
Hispanic,cousins,448,19,10.681597788157656
Hispanic,cousins,449,14,4.825733144604599
Hispanic,cousins,450,16,5.4984092956652395
Hispanic,cousins,451,15,5.422160762207939
Hispanic,cousins,452,19,5.552570148580537
Hispanic,cousins,453,20,7.160482464752791
Hispanic,cousins,454,22,6.668564894292409
Hispanic,cousins,455,15,3.9535357704871013
Hispanic,cousins,456,17,4.9351332224726105
Hispanic,cousins,457,18,6.260873854535431
Hispanic,cousins,458,19,8.310403213511023
Hispanic,cousins,459,16,3.2081507545185826
Hispanic,cousins,460,24,5.966299859603527
Hispanic,cousins,461,17,5.415676763981532
Hispanic,cousins,462,19,8.129306182992982
Hispanic,cousins,463,16,6.4184578967403745
Hispanic,cousins,464,10,1.9219787719944672
Hispanic,cousins,465,16,5.090045523428207
Hispanic,cousins,466,17,4.29644086702935
Hispanic,cousins,467,16,5.471019281115722
Hispanic,cousins,468,12,3.1391463585578716
Hispanic,cousins,469,19,5.229627310636326
Hispanic,cousins,470,18,3.765536215145991
Hispanic,cousins,471,17,4.444138378009959
Hispanic,cousins,472,21,7.87265674816614
Hispanic,cousins,473,20,8.779680526105711
Hispanic,cousins,474,18,6.073229514631239
Hispanic,cousins,475,20,7.172269912113483
Hispanic,cousins,476,15,3.881715708834197
Hispanic,cousins,477,21,7.664305695753993
Hispanic,cousins,478,16,7.74921567549322
Hispanic,cousins,479,15,4.450816285648795
Hispanic,cousins,480,21,12.49672811453659
Hispanic,cousins,481,17,4.304371871444261
Hispanic,cousins,482,16,2.66601666703516
Hispanic,cousins,483,17,4.313377342946411
Hispanic,cousins,484,16,7.413837657631261
Hispanic,cousins,485,24,8.13329934641235
Hispanic,cousins,486,15,4.072498525135445
Hispanic,cousins,487,19,9.732498726881097
Hispanic,cousins,488,22,9.831480639049333
Hispanic,cousins,489,17,6.12547794865332
Hispanic,cousins,490,18,4.3783488576222735
Hispanic,cousins,491,17,6.423330964503783
Hispanic,cousins,492,21,5.994838560972456
Hispanic,cousins,493,21,8.452792709853
Hispanic,cousins,494,19,4.566731001847405
Hispanic,cousins,495,15,5.272409402324476
Hispanic,cousins,496,22,9.69311995599433
Hispanic,cousins,497,18,3.7324177956516675
Hispanic,cousins,498,16,2.323433041154026
Hispanic,cousins,499,14,5.222933903279864
Hispanic,cousins,500,19,10.026924734212695
Hispanic,second_cousins,1,18,3.2713078652446286
Hispanic,second_cousins,2,13,1.3566114062569818
Hispanic,second_cousins,3,19,4.264800016893612
Hispanic,second_cousins,4,20,4.680455027818427
Hispanic,second_cousins,5,17,2.113344588983198
Hispanic,second_cousins,6,16,5.346451208487423
Hispanic,second_cousins,7,18,3.5375761293383987
Hispanic,second_cousins,8,15,3.6759985965062705
Hispanic,second_cousins,9,21,4.365182153682204
Hispanic,second_cousins,10,16,5.120443739403191
Hispanic,second_cousins,11,22,3.5790309398012905
Hispanic,second_cousins,12,17,2.580210859529934
Hispanic,second_cousins,13,19,6.344225168742592
Hispanic,second_cousins,14,16,3.5116081595353257
Hispanic,second_cousins,15,15,2.599448463332175
Hispanic,second_cousins,16,15,1.7580978153721876
Hispanic,second_cousins,17,20,3.6928992810551686
Hispanic,second_cousins,18,18,4.377003991981735
Hispanic,second_cousins,19,13,2.549131812679979
Hispanic,second_cousins,20,18,2.7788033599704716
Hispanic,second_cousins,21,18,4.035048868068845
Hispanic,second_cousins,22,17,4.558060405956058
Hispanic,second_cousins,23,12,2.3296597032385966
Hispanic,second_cousins,24,18,4.240036675829432
Hispanic,second_cousins,25,15,2.0923456684063457
Hispanic,second_cousins,26,16,3.1379614653463186
Hispanic,second_cousins,27,15,0.9430043991647946
Hispanic,second_cousins,28,22,5.778031541044353
Hispanic,second_cousins,29,25,4.527193067946363
Hispanic,second_cousins,30,17,2.763681502883297
Hispanic,second_cousins,31,18,3.2413801831300857
Hispanic,second_cousins,32,15,2.734978057036873
Hispanic,second_cousins,33,22,5.27148175286893
Hispanic,second_cousins,34,14,2.29146963972116
Hispanic,second_cousins,35,17,4.105767962153681
Hispanic,second_cousins,36,13,2.3137579512684034
Hispanic,second_cousins,37,17,3.0610405052113023
Hispanic,second_cousins,38,11,1.145872643512266
Hispanic,second_cousins,39,19,4.172507992796265
Hispanic,second_cousins,40,23,4.9293821319495725
Hispanic,second_cousins,41,13,2.157588421086771
Hispanic,second_cousins,42,22,5.029062715757617
Hispanic,second_cousins,43,15,2.63867316815263
Hispanic,second_cousins,44,18,3.6265850500582393
Hispanic,second_cousins,45,13,1.4529271192891229
Hispanic,second_cousins,46,22,4.567352326828536
Hispanic,second_cousins,47,18,2.336092050864809
Hispanic,second_cousins,48,12,1.4014738212099083
Hispanic,second_cousins,49,19,4.463991153134293
Hispanic,second_cousins,50,19,3.9714098773467628
Hispanic,second_cousins,51,20,4.779867093713949
Hispanic,second_cousins,52,19,3.3544777015100222
Hispanic,second_cousins,53,19,3.9767051633854615
Hispanic,second_cousins,54,21,8.810791382904995
Hispanic,second_cousins,55,17,4.974651543508295
Hispanic,second_cousins,56,17,1.7137478123282261
Hispanic,second_cousins,57,17,1.994990670669862
Hispanic,second_cousins,58,15,3.00124241591787
Hispanic,second_cousins,59,18,3.3525218270005746
Hispanic,second_cousins,60,21,3.124482360311989
Hispanic,second_cousins,61,21,3.833398142979146
Hispanic,second_cousins,62,23,3.8334949559936824
Hispanic,second_cousins,63,19,3.036324938185204
Hispanic,second_cousins,64,18,2.763457295723597
Hispanic,second_cousins,65,22,5.515887144180977
Hispanic,second_cousins,66,18,5.467033710406375
Hispanic,second_cousins,67,18,4.091407136539764
Hispanic,second_cousins,68,22,3.841898484934719
Hispanic,second_cousins,69,19,4.035970019013072
Hispanic,second_cousins,70,17,3.336685296048819
Hispanic,second_cousins,71,19,3.9670599001043794
Hispanic,second_cousins,72,18,3.5952455283361284
Hispanic,second_cousins,73,11,0.5116807722621923
Hispanic,second_cousins,74,21,4.431125501798202
Hispanic,second_cousins,75,16,3.2427100164093368
Hispanic,second_cousins,76,20,2.438843431496039
Hispanic,second_cousins,77,22,4.911952069803951
Hispanic,second_cousins,78,21,4.564140533513466
Hispanic,second_cousins,79,15,3.6473818305386545
Hispanic,second_cousins,80,24,5.407316841900415
Hispanic,second_cousins,81,17,3.028490742223535
Hispanic,second_cousins,82,18,3.275755823272085
Hispanic,second_cousins,83,12,1.9169319254218902
Hispanic,second_cousins,84,18,2.0396953288178055
Hispanic,second_cousins,85,21,3.6345561860236466
Hispanic,second_cousins,86,17,2.8032597508273196
Hispanic,second_cousins,87,17,3.6004742551879367
Hispanic,second_cousins,88,19,2.3683429379353185
Hispanic,second_cousins,89,16,4.26372460960347
Hispanic,second_cousins,90,16,2.950101805432375
Hispanic,second_cousins,91,13,2.2509142451839335
Hispanic,second_cousins,92,15,3.0573870479774095
Hispanic,second_cousins,93,17,2.0362097589069066
Hispanic,second_cousins,94,19,4.468593242201216
Hispanic,second_cousins,95,18,3.088220946441285
Hispanic,second_cousins,96,19,5.027836222299027
Hispanic,second_cousins,97,17,6.1330895199330095
Hispanic,second_cousins,98,16,4.698988647263507
Hispanic,second_cousins,99,20,4.548494365831578
Hispanic,second_cousins,100,13,3.0790306546540953
Hispanic,second_cousins,101,16,3.1332592033887594
Hispanic,second_cousins,102,17,3.141290187495896
Hispanic,second_cousins,103,18,3.182089072744871
Hispanic,second_cousins,104,19,4.326513366114568
Hispanic,second_cousins,105,18,2.543584598980151
Hispanic,second_cousins,106,17,2.184868852050652
Hispanic,second_cousins,107,17,3.038086325527216
Hispanic,second_cousins,108,13,1.6605112301898903
Hispanic,second_cousins,109,14,0.7751935546396047
Hispanic,second_cousins,110,15,2.2975631255083786
Hispanic,second_cousins,111,17,1.7432109249514647
Hispanic,second_cousins,112,22,5.723768046370195
Hispanic,second_cousins,113,22,5.474060028489408
Hispanic,second_cousins,114,11,2.412178542469169
Hispanic,second_cousins,115,16,2.862099850136019
Hispanic,second_cousins,116,15,3.1920859986142793
Hispanic,second_cousins,117,13,2.644030997733154
Hispanic,second_cousins,118,16,1.031156696522255
Hispanic,second_cousins,119,13,0.9873853591750056
Hispanic,second_cousins,120,17,3.7112976923288747
Hispanic,second_cousins,121,14,3.0402620408638494
Hispanic,second_cousins,122,12,0.8653918317126653
Hispanic,second_cousins,123,18,4.265040210197787
Hispanic,second_cousins,124,21,6.378677204674086
Hispanic,second_cousins,125,14,4.360599263198671
Hispanic,second_cousins,126,23,5.17871342015236
Hispanic,second_cousins,127,16,4.431487463296201
Hispanic,second_cousins,128,23,6.783527606716119
Hispanic,second_cousins,129,15,2.6954340194964526
Hispanic,second_cousins,130,21,6.541678229351321
Hispanic,second_cousins,131,17,2.858418412154208
Hispanic,second_cousins,132,14,4.226098564300676
Hispanic,second_cousins,133,22,4.519424765569393
Hispanic,second_cousins,134,18,4.3788810942682685
Hispanic,second_cousins,135,15,3.3879004077470127
Hispanic,second_cousins,136,21,3.8335497339937192
Hispanic,second_cousins,137,19,4.848229424363598
Hispanic,second_cousins,138,18,3.070564707531549
Hispanic,second_cousins,139,10,0.5017425343356045
Hispanic,second_cousins,140,19,3.6751560061674975
Hispanic,second_cousins,141,19,2.227050911541678
Hispanic,second_cousins,142,16,1.0062391535704522
Hispanic,second_cousins,143,19,4.154069350096665
Hispanic,second_cousins,144,15,2.157970662124847
Hispanic,second_cousins,145,18,3.7746172512339413
Hispanic,second_cousins,146,18,1.9266448420816462
Hispanic,second_cousins,147,24,5.4124039799445685
Hispanic,second_cousins,148,16,3.1646436336663646
Hispanic,second_cousins,149,19,5.303706047247066
Hispanic,second_cousins,150,17,2.3883951105793595
Hispanic,second_cousins,151,15,0.9502128233740634
Hispanic,second_cousins,152,17,3.685271295533224
Hispanic,second_cousins,153,13,0.9682805401889271
Hispanic,second_cousins,154,20,3.462783702397974
Hispanic,second_cousins,155,19,4.273853711816159
Hispanic,second_cousins,156,17,2.375834357397324
Hispanic,second_cousins,157,16,3.038242167742248
Hispanic,second_cousins,158,17,3.4820277385479397
Hispanic,second_cousins,159,23,4.879218420463965
Hispanic,second_cousins,160,16,2.7817393871167275
Hispanic,second_cousins,161,21,4.786754818501203
Hispanic,second_cousins,162,14,2.5716729967320244
Hispanic,second_cousins,163,21,5.179364233675971
Hispanic,second_cousins,164,14,1.3149429932783259
Hispanic,second_cousins,165,16,2.456307974304302
Hispanic,second_cousins,166,20,4.0097918730295525
Hispanic,second_cousins,167,16,1.3256124815679433
Hispanic,second_cousins,168,19,3.3043979025911834
Hispanic,second_cousins,169,21,3.5340114260947106
Hispanic,second_cousins,170,16,2.723508610289672
Hispanic,second_cousins,171,14,1.7892883983896999
Hispanic,second_cousins,172,22,4.468043670127118
Hispanic,second_cousins,173,20,3.776015423909013
Hispanic,second_cousins,174,24,3.8138418132341525
Hispanic,second_cousins,175,20,3.5457502801629563
Hispanic,second_cousins,176,17,3.2367474897031268
Hispanic,second_cousins,177,10,1.3326261554536973
Hispanic,second_cousins,178,21,3.7568804354162935
Hispanic,second_cousins,179,14,2.3613559128534782
Hispanic,second_cousins,180,24,2.6719242853302534
Hispanic,second_cousins,181,19,3.842152251035191
Hispanic,second_cousins,182,20,4.298397519065504
Hispanic,second_cousins,183,20,1.8843137132242496
Hispanic,second_cousins,184,15,2.9539096660469957
Hispanic,second_cousins,185,16,3.2281044516535258
Hispanic,second_cousins,186,17,4.237666812117934
Hispanic,second_cousins,187,19,4.057115225454993
Hispanic,second_cousins,188,18,3.4756749836324
Hispanic,second_cousins,189,16,3.03020734053577
Hispanic,second_cousins,190,14,3.616256759392819
Hispanic,second_cousins,191,22,4.203278058213953
Hispanic,second_cousins,192,17,4.91775172943396
Hispanic,second_cousins,193,14,1.199141969149324
Hispanic,second_cousins,194,20,3.355924693427787
Hispanic,second_cousins,195,23,2.911476518921828
Hispanic,second_cousins,196,14,5.03341078528019
Hispanic,second_cousins,197,18,4.075701248749227
Hispanic,second_cousins,198,13,2.0798193198638875
Hispanic,second_cousins,199,20,3.2604227750267607
Hispanic,second_cousins,200,18,2.6222133338273257
Hispanic,second_cousins,201,19,3.2618742258606277
Hispanic,second_cousins,202,14,2.064354017506697
Hispanic,second_cousins,203,18,4.38480049456119
Hispanic,second_cousins,204,17,3.375316147085425
Hispanic,second_cousins,205,16,2.937083416982494
Hispanic,second_cousins,206,12,1.8540876635467423
Hispanic,second_cousins,207,20,3.1603009078
Hispanic,second_cousins,208,18,3.477073320437161
Hispanic,second_cousins,209,15,3.317027797049768
Hispanic,second_cousins,210,16,3.7936013094127152
Hispanic,second_cousins,211,16,2.8334926704997137
Hispanic,second_cousins,212,16,3.845186998005932
Hispanic,second_cousins,213,20,4.151194096514659
Hispanic,second_cousins,214,15,2.150980309424175
Hispanic,second_cousins,215,12,1.9577376174626617
Hispanic,second_cousins,216,17,3.3757665822845606
Hispanic,second_cousins,217,23,4.259708183402718
Hispanic,second_cousins,218,19,3.2044625745769535
Hispanic,second_cousins,219,20,3.5218535803415394
Hispanic,second_cousins,220,13,3.2561354101891435
Hispanic,second_cousins,221,11,2.133302979353013
Hispanic,second_cousins,222,17,3.3905738158917007
Hispanic,second_cousins,223,16,6.019399317904651
Hispanic,second_cousins,224,18,3.9463252032568352
Hispanic,second_cousins,225,21,5.533860005259953
Hispanic,second_cousins,226,19,3.9416210518370924
Hispanic,second_cousins,227,16,4.448160962552794
Hispanic,second_cousins,228,19,4.718472672325955
Hispanic,second_cousins,229,22,5.592254420527965
Hispanic,second_cousins,230,17,4.126380438109438
Hispanic,second_cousins,231,17,3.810463619056542
Hispanic,second_cousins,232,15,1.994138626616765
Hispanic,second_cousins,233,13,1.4979456272574196
Hispanic,second_cousins,234,14,2.3668442013732682
Hispanic,second_cousins,235,12,2.2612380297161283
Hispanic,second_cousins,236,16,2.382386825454969
Hispanic,second_cousins,237,18,5.495478325162824
Hispanic,second_cousins,238,23,5.419806560184157
Hispanic,second_cousins,239,18,3.2338402667918373
Hispanic,second_cousins,240,19,3.8785464311048092
Hispanic,second_cousins,241,16,3.2957840122647006
Hispanic,second_cousins,242,20,5.874845686626668
Hispanic,second_cousins,243,21,4.414791275775801
Hispanic,second_cousins,244,16,2.3651755937694645
Hispanic,second_cousins,245,18,6.1098182736846605
Hispanic,second_cousins,246,20,3.917298558308376
Hispanic,second_cousins,247,25,4.801684406749703
Hispanic,second_cousins,248,22,3.476288125367848
Hispanic,second_cousins,249,18,4.202865180724645
Hispanic,second_cousins,250,16,3.584830029684899
Hispanic,second_cousins,251,15,2.112790542371937
Hispanic,second_cousins,252,16,2.6378730581780765
Hispanic,second_cousins,253,22,3.76283869944147
Hispanic,second_cousins,254,17,3.4426381319679424
Hispanic,second_cousins,255,15,3.3028038344203887
Hispanic,second_cousins,256,17,1.7794438643599166
Hispanic,second_cousins,257,21,3.4355018252883056
Hispanic,second_cousins,258,19,3.7119726756875986
Hispanic,second_cousins,259,15,3.6256807083250724
Hispanic,second_cousins,260,19,3.4626862605246926
Hispanic,second_cousins,261,18,3.8960355588562887
Hispanic,second_cousins,262,17,2.088106169275331
Hispanic,second_cousins,263,20,3.358696438406009
Hispanic,second_cousins,264,22,4.965856567445659
Hispanic,second_cousins,265,21,6.833105097952042
Hispanic,second_cousins,266,19,8.72184745051154
Hispanic,second_cousins,267,20,3.6103877447184276
Hispanic,second_cousins,268,19,4.5250176878293225
Hispanic,second_cousins,269,16,2.7294869225215512
Hispanic,second_cousins,270,16,2.6216221775545834
Hispanic,second_cousins,271,16,1.3748610819016926
Hispanic,second_cousins,272,20,4.031808061438637
Hispanic,second_cousins,273,17,3.8418387537403746
Hispanic,second_cousins,274,16,2.821075235014762
Hispanic,second_cousins,275,20,4.8078750188532275
Hispanic,second_cousins,276,21,4.270266449725105
Hispanic,second_cousins,277,19,4.628143450991089
Hispanic,second_cousins,278,18,3.7861991108910433
Hispanic,second_cousins,279,17,1.6512099468704027
Hispanic,second_cousins,280,15,1.8156418101591227
Hispanic,second_cousins,281,20,3.7644448421895746
Hispanic,second_cousins,282,20,4.101724052428805
Hispanic,second_cousins,283,17,4.131787116330351
Hispanic,second_cousins,284,20,4.211020078641453
Hispanic,second_cousins,285,20,3.983714723968859
Hispanic,second_cousins,286,17,3.304414592992059
Hispanic,second_cousins,287,12,1.9478679056394888
Hispanic,second_cousins,288,21,5.184112690001662
Hispanic,second_cousins,289,22,4.594638114070336
Hispanic,second_cousins,290,17,2.055534424264567
Hispanic,second_cousins,291,15,2.816156494721826
Hispanic,second_cousins,292,21,4.2213357984724285
Hispanic,second_cousins,293,18,3.5050920308775457
Hispanic,second_cousins,294,17,2.680649541944832
Hispanic,second_cousins,295,16,2.968801113187936
Hispanic,second_cousins,296,13,1.2063958725912918
Hispanic,second_cousins,297,20,4.565757197991143
Hispanic,second_cousins,298,20,4.897340001184967
Hispanic,second_cousins,299,13,1.7149973766172337
Hispanic,second_cousins,300,14,2.3834615351942854
Hispanic,second_cousins,301,20,7.270685491411409
Hispanic,second_cousins,302,17,3.46122935843718
Hispanic,second_cousins,303,15,3.7194505016838355
Hispanic,second_cousins,304,14,2.042736603932957
Hispanic,second_cousins,305,21,3.642212694976724
Hispanic,second_cousins,306,21,4.333516153519315
Hispanic,second_cousins,307,17,4.376847325198786
Hispanic,second_cousins,308,13,1.4585396124155352
Hispanic,second_cousins,309,18,5.408767719896524
Hispanic,second_cousins,310,15,2.2365560470815224
Hispanic,second_cousins,311,16,2.7864331936623286
Hispanic,second_cousins,312,16,1.6437336735493044
Hispanic,second_cousins,313,16,3.740274943475158
Hispanic,second_cousins,314,16,1.984898220678335
Hispanic,second_cousins,315,24,4.128987104189325
Hispanic,second_cousins,316,15,3.752415608196129
Hispanic,second_cousins,317,18,2.493367746491409
Hispanic,second_cousins,318,15,1.5044024901028366
Hispanic,second_cousins,319,20,3.47643136213383
Hispanic,second_cousins,320,13,1.7217150425818515
Hispanic,second_cousins,321,13,1.3476610279717949
Hispanic,second_cousins,322,18,4.0063567456160145
Hispanic,second_cousins,323,17,3.5705282803485265
Hispanic,second_cousins,324,15,4.073953265621189
Hispanic,second_cousins,325,24,5.680191073976086
Hispanic,second_cousins,326,15,1.888530839008165
Hispanic,second_cousins,327,13,1.4053030450066575
Hispanic,second_cousins,328,15,2.4319428462191226
Hispanic,second_cousins,329,13,1.7977543352352687
Hispanic,second_cousins,330,17,2.5273372611751137
Hispanic,second_cousins,331,11,0.9372302747396296
Hispanic,second_cousins,332,18,3.3918089451519893
Hispanic,second_cousins,333,17,2.514575854221232
Hispanic,second_cousins,334,15,3.631170902485105
Hispanic,second_cousins,335,16,2.748178107884613
Hispanic,second_cousins,336,16,2.1209956778589474
Hispanic,second_cousins,337,17,2.8178907392054113
Hispanic,second_cousins,338,14,3.078902463601422
Hispanic,second_cousins,339,11,2.5473424900936124
Hispanic,second_cousins,340,16,4.1865391476013505
Hispanic,second_cousins,341,15,4.104049641312579
Hispanic,second_cousins,342,14,2.8256574767046594
Hispanic,second_cousins,343,11,3.0614477933746596
Hispanic,second_cousins,344,24,5.622646685883559
Hispanic,second_cousins,345,22,2.9707192747026525
Hispanic,second_cousins,346,21,5.286479890993187
Hispanic,second_cousins,347,17,2.920788238828546
Hispanic,second_cousins,348,20,5.247583741264678
Hispanic,second_cousins,349,22,3.833198954495737
Hispanic,second_cousins,350,14,1.9001426416965996
Hispanic,second_cousins,351,21,6.55306558446608
Hispanic,second_cousins,352,15,5.736201144232802
Hispanic,second_cousins,353,14,2.0184643464939773
Hispanic,second_cousins,354,18,2.420945975809471
Hispanic,second_cousins,355,16,3.1887175070217073
Hispanic,second_cousins,356,20,3.3262976387726404
Hispanic,second_cousins,357,15,2.8919009196846033
Hispanic,second_cousins,358,19,6.356425059762964
Hispanic,second_cousins,359,16,1.647734010194458
Hispanic,second_cousins,360,17,3.0819260191035505
Hispanic,second_cousins,361,18,3.704743667993831
Hispanic,second_cousins,362,14,1.836728726587523
Hispanic,second_cousins,363,19,2.6775551737821273
Hispanic,second_cousins,364,17,3.0912571160291935
Hispanic,second_cousins,365,12,2.866962624480475
Hispanic,second_cousins,366,16,3.209940371947502
Hispanic,second_cousins,367,26,5.276879134048408
Hispanic,second_cousins,368,17,3.918687488052052
Hispanic,second_cousins,369,16,2.4979976639693513
Hispanic,second_cousins,370,17,2.787923266648163
Hispanic,second_cousins,371,13,1.556915430722788
Hispanic,second_cousins,372,15,3.976129705252859
Hispanic,second_cousins,373,19,3.111351488897527
Hispanic,second_cousins,374,21,4.9549582334047155
Hispanic,second_cousins,375,17,2.6728402457454123
Hispanic,second_cousins,376,9,0.5203316592490718
Hispanic,second_cousins,377,17,3.6075006152266496
Hispanic,second_cousins,378,23,5.277492553228634
Hispanic,second_cousins,379,22,4.516758732576822
Hispanic,second_cousins,380,20,3.8270550695017787
Hispanic,second_cousins,381,16,3.6021964513391014
Hispanic,second_cousins,382,14,1.6624768053133328
Hispanic,second_cousins,383,15,3.528302203614394
Hispanic,second_cousins,384,18,3.927076723727192
Hispanic,second_cousins,385,17,3.175189671935681
Hispanic,second_cousins,386,22,3.885336756115842
Hispanic,second_cousins,387,19,6.695479104981782
Hispanic,second_cousins,388,17,2.3177811650185873
Hispanic,second_cousins,389,14,2.850087761301015
Hispanic,second_cousins,390,20,3.4391742793284066
Hispanic,second_cousins,391,14,2.4278042130531574
Hispanic,second_cousins,392,26,4.854375281617113
Hispanic,second_cousins,393,16,3.4652581754855922
Hispanic,second_cousins,394,17,3.042934785117905
Hispanic,second_cousins,395,18,2.1978106785607117
Hispanic,second_cousins,396,21,4.407410763345482
Hispanic,second_cousins,397,16,3.6279157645959943
Hispanic,second_cousins,398,18,4.964727728912527
Hispanic,second_cousins,399,20,6.288669216456853
Hispanic,second_cousins,400,21,5.225814174808953
Hispanic,second_cousins,401,21,3.4186438201210168
Hispanic,second_cousins,402,15,5.107948530145536
Hispanic,second_cousins,403,18,3.8590962933076565
Hispanic,second_cousins,404,14,3.021568509371809
Hispanic,second_cousins,405,18,2.907397504300659
Hispanic,second_cousins,406,17,1.8846797175149432
Hispanic,second_cousins,407,21,3.0534109736495894
Hispanic,second_cousins,408,14,1.8983358017153518
Hispanic,second_cousins,409,22,3.490747175338484
Hispanic,second_cousins,410,20,4.447898710502987
Hispanic,second_cousins,411,14,1.8386162559701416
Hispanic,second_cousins,412,17,4.6801209787535525
Hispanic,second_cousins,413,19,2.756197715104566
Hispanic,second_cousins,414,18,2.6311058891412005
Hispanic,second_cousins,415,14,3.0109387575549045
Hispanic,second_cousins,416,17,3.917693968281294
Hispanic,second_cousins,417,19,6.407727876858789
Hispanic,second_cousins,418,21,5.383416854390627
Hispanic,second_cousins,419,17,4.188728425405059
Hispanic,second_cousins,420,17,3.3044630185929798
Hispanic,second_cousins,421,20,4.240937856614703
Hispanic,second_cousins,422,19,3.827432240360959
Hispanic,second_cousins,423,23,6.715825680047768
Hispanic,second_cousins,424,24,5.753670656818494
Hispanic,second_cousins,425,15,1.8872734167348948
Hispanic,second_cousins,426,22,4.278854687737834
Hispanic,second_cousins,427,19,3.1171625959958518
Hispanic,second_cousins,428,19,1.99830710843404
Hispanic,second_cousins,429,21,4.249606562586258
Hispanic,second_cousins,430,17,2.650178304632056
Hispanic,second_cousins,431,18,4.408756331144243
Hispanic,second_cousins,432,17,2.324253498899661
Hispanic,second_cousins,433,15,2.419190307188191
Hispanic,second_cousins,434,16,1.3493562767789453
Hispanic,second_cousins,435,16,3.1492437762569137
Hispanic,second_cousins,436,16,2.4978166238221196
Hispanic,second_cousins,437,18,4.807170125029645
Hispanic,second_cousins,438,15,2.197690037799321
Hispanic,second_cousins,439,15,3.490827069823265
Hispanic,second_cousins,440,19,3.8235555582090432
Hispanic,second_cousins,441,15,2.379799078715999
Hispanic,second_cousins,442,19,3.1951254755669707
Hispanic,second_cousins,443,16,3.1821232415295273
Hispanic,second_cousins,444,18,2.725759541357949
Hispanic,second_cousins,445,19,3.4660002767384053
Hispanic,second_cousins,446,16,3.438755292828508
Hispanic,second_cousins,447,21,3.3041198198455692
Hispanic,second_cousins,448,19,3.4576522268011436
Hispanic,second_cousins,449,18,4.6762713518209775
Hispanic,second_cousins,450,24,4.2250655367482635
Hispanic,second_cousins,451,17,3.1473245347833934
Hispanic,second_cousins,452,17,3.095966805998434
Hispanic,second_cousins,453,18,3.4283158684413197
Hispanic,second_cousins,454,18,3.116472293762971
Hispanic,second_cousins,455,16,2.4381326097828366
Hispanic,second_cousins,456,15,2.17965348342854
Hispanic,second_cousins,457,13,1.507855173050437
Hispanic,second_cousins,458,16,2.8993213648358243
Hispanic,second_cousins,459,18,2.938924945367818
Hispanic,second_cousins,460,18,2.188784393939632
Hispanic,second_cousins,461,21,3.943943171950065
Hispanic,second_cousins,462,22,4.655148743871085
Hispanic,second_cousins,463,19,3.2666606659978497
Hispanic,second_cousins,464,16,2.3256113492837103
Hispanic,second_cousins,465,19,2.7637587252707
Hispanic,second_cousins,466,16,0.7037613219722216
Hispanic,second_cousins,467,19,5.169476413364429
Hispanic,second_cousins,468,17,3.6117826563125406
Hispanic,second_cousins,469,20,5.827761099314399
Hispanic,second_cousins,470,15,3.2953602816974605
Hispanic,second_cousins,471,16,2.3392126069998063
Hispanic,second_cousins,472,18,2.4977480498057427
Hispanic,second_cousins,473,20,3.761069990534053
Hispanic,second_cousins,474,20,4.497252505629313
Hispanic,second_cousins,475,19,3.699789536372777
Hispanic,second_cousins,476,20,4.066832632825596
Hispanic,second_cousins,477,12,0.5546668784347346
Hispanic,second_cousins,478,16,2.8003670542236354
Hispanic,second_cousins,479,21,7.582357292937344
Hispanic,second_cousins,480,15,3.0632863006258937
Hispanic,second_cousins,481,17,2.3803375984711224
Hispanic,second_cousins,482,20,3.2850402337976083
Hispanic,second_cousins,483,15,2.1635301285262467
Hispanic,second_cousins,484,13,3.318124127690079
Hispanic,second_cousins,485,16,3.4972856386022215
Hispanic,second_cousins,486,20,7.1534872781570655
Hispanic,second_cousins,487,15,1.4660057697998248
Hispanic,second_cousins,488,10,2.002438880412489
Hispanic,second_cousins,489,21,5.102809605926364
Hispanic,second_cousins,490,17,2.355871411960245
Hispanic,second_cousins,491,14,2.306393379058467
Hispanic,second_cousins,492,15,1.9798802572406964
Hispanic,second_cousins,493,20,2.2306943596269586
Hispanic,second_cousins,494,21,3.566843441917304
Hispanic,second_cousins,495,21,5.6820462428470595
Hispanic,second_cousins,496,19,3.234634636275521
Hispanic,second_cousins,497,11,0.937450934245278
Hispanic,second_cousins,498,16,1.934788437221322
Hispanic,second_cousins,499,17,3.071275309852869
Hispanic,second_cousins,500,19,3.101133188553026
Hispanic,unrelated,1,9,0
Hispanic,unrelated,2,19,0
Hispanic,unrelated,3,17,0
Hispanic,unrelated,4,16,0
Hispanic,unrelated,5,25,0
Hispanic,unrelated,6,19,0
Hispanic,unrelated,7,14,0
Hispanic,unrelated,8,20,0
Hispanic,unrelated,9,22,0
Hispanic,unrelated,10,16,0
Hispanic,unrelated,11,20,0
Hispanic,unrelated,12,17,0
Hispanic,unrelated,13,16,0
Hispanic,unrelated,14,20,0
Hispanic,unrelated,15,17,0
Hispanic,unrelated,16,19,0
Hispanic,unrelated,17,14,0
Hispanic,unrelated,18,17,0
Hispanic,unrelated,19,19,0
Hispanic,unrelated,20,23,0
Hispanic,unrelated,21,17,0
Hispanic,unrelated,22,18,0
Hispanic,unrelated,23,8,0
Hispanic,unrelated,24,17,0
Hispanic,unrelated,25,18,0
Hispanic,unrelated,26,16,0
Hispanic,unrelated,27,17,0
Hispanic,unrelated,28,23,0
Hispanic,unrelated,29,15,0
Hispanic,unrelated,30,12,0
Hispanic,unrelated,31,17,0
Hispanic,unrelated,32,17,0
Hispanic,unrelated,33,18,0
Hispanic,unrelated,34,17,0
Hispanic,unrelated,35,18,0
Hispanic,unrelated,36,18,0
Hispanic,unrelated,37,23,0
Hispanic,unrelated,38,16,0
Hispanic,unrelated,39,14,0
Hispanic,unrelated,40,15,0
Hispanic,unrelated,41,16,0
Hispanic,unrelated,42,12,0
Hispanic,unrelated,43,15,0
Hispanic,unrelated,44,17,0
Hispanic,unrelated,45,17,0
Hispanic,unrelated,46,16,0
Hispanic,unrelated,47,9,0
Hispanic,unrelated,48,16,0
Hispanic,unrelated,49,16,0
Hispanic,unrelated,50,10,0
Hispanic,unrelated,51,21,0
Hispanic,unrelated,52,17,0
Hispanic,unrelated,53,16,0
Hispanic,unrelated,54,14,0
Hispanic,unrelated,55,22,0
Hispanic,unrelated,56,20,0
Hispanic,unrelated,57,17,0
Hispanic,unrelated,58,14,0
Hispanic,unrelated,59,12,0
Hispanic,unrelated,60,15,0
Hispanic,unrelated,61,18,0
Hispanic,unrelated,62,22,0
Hispanic,unrelated,63,15,0
Hispanic,unrelated,64,14,0
Hispanic,unrelated,65,22,0
Hispanic,unrelated,66,17,0
Hispanic,unrelated,67,18,0
Hispanic,unrelated,68,15,0
Hispanic,unrelated,69,19,0
Hispanic,unrelated,70,15,0
Hispanic,unrelated,71,16,0
Hispanic,unrelated,72,11,0
Hispanic,unrelated,73,15,0
Hispanic,unrelated,74,20,0
Hispanic,unrelated,75,13,0
Hispanic,unrelated,76,17,0
Hispanic,unrelated,77,13,0
Hispanic,unrelated,78,21,0
Hispanic,unrelated,79,18,0
Hispanic,unrelated,80,22,0
Hispanic,unrelated,81,19,0
Hispanic,unrelated,82,13,0
Hispanic,unrelated,83,19,0
Hispanic,unrelated,84,15,0
Hispanic,unrelated,85,25,0
Hispanic,unrelated,86,20,0
Hispanic,unrelated,87,15,0
Hispanic,unrelated,88,18,0
Hispanic,unrelated,89,17,0
Hispanic,unrelated,90,20,0
Hispanic,unrelated,91,12,0
Hispanic,unrelated,92,17,0
Hispanic,unrelated,93,22,0
Hispanic,unrelated,94,16,0
Hispanic,unrelated,95,16,0
Hispanic,unrelated,96,17,0
Hispanic,unrelated,97,16,0
Hispanic,unrelated,98,17,0
Hispanic,unrelated,99,13,0
Hispanic,unrelated,100,15,0
Hispanic,unrelated,101,21,0
Hispanic,unrelated,102,16,0
Hispanic,unrelated,103,14,0
Hispanic,unrelated,104,18,0
Hispanic,unrelated,105,17,0
Hispanic,unrelated,106,20,0
Hispanic,unrelated,107,18,0
Hispanic,unrelated,108,18,0
Hispanic,unrelated,109,11,0
Hispanic,unrelated,110,20,0
Hispanic,unrelated,111,22,0
Hispanic,unrelated,112,17,0
Hispanic,unrelated,113,10,0
Hispanic,unrelated,114,11,0
Hispanic,unrelated,115,18,0
Hispanic,unrelated,116,13,0
Hispanic,unrelated,117,19,0
Hispanic,unrelated,118,17,0
Hispanic,unrelated,119,18,0
Hispanic,unrelated,120,15,0
Hispanic,unrelated,121,15,0
Hispanic,unrelated,122,19,0
Hispanic,unrelated,123,13,0
Hispanic,unrelated,124,15,0
Hispanic,unrelated,125,22,0
Hispanic,unrelated,126,16,0
Hispanic,unrelated,127,17,0
Hispanic,unrelated,128,14,0
Hispanic,unrelated,129,17,0
Hispanic,unrelated,130,16,0
Hispanic,unrelated,131,13,0
Hispanic,unrelated,132,19,0
Hispanic,unrelated,133,18,0
Hispanic,unrelated,134,18,0
Hispanic,unrelated,135,15,0
Hispanic,unrelated,136,17,0
Hispanic,unrelated,137,16,0
Hispanic,unrelated,138,18,0
Hispanic,unrelated,139,15,0
Hispanic,unrelated,140,19,0
Hispanic,unrelated,141,16,0
Hispanic,unrelated,142,16,0
Hispanic,unrelated,143,21,0
Hispanic,unrelated,144,19,0
Hispanic,unrelated,145,20,0
Hispanic,unrelated,146,19,0
Hispanic,unrelated,147,17,0
Hispanic,unrelated,148,17,0
Hispanic,unrelated,149,16,0
Hispanic,unrelated,150,14,0
Hispanic,unrelated,151,18,0
Hispanic,unrelated,152,17,0
Hispanic,unrelated,153,21,0
Hispanic,unrelated,154,17,0
Hispanic,unrelated,155,15,0
Hispanic,unrelated,156,17,0
Hispanic,unrelated,157,17,0
Hispanic,unrelated,158,17,0
Hispanic,unrelated,159,17,0
Hispanic,unrelated,160,23,0
Hispanic,unrelated,161,18,0
Hispanic,unrelated,162,20,0
Hispanic,unrelated,163,17,0
Hispanic,unrelated,164,19,0
Hispanic,unrelated,165,20,0
Hispanic,unrelated,166,15,0
Hispanic,unrelated,167,17,0
Hispanic,unrelated,168,15,0
Hispanic,unrelated,169,16,0
Hispanic,unrelated,170,12,0
Hispanic,unrelated,171,15,0
Hispanic,unrelated,172,15,0
Hispanic,unrelated,173,17,0
Hispanic,unrelated,174,22,0
Hispanic,unrelated,175,19,0
Hispanic,unrelated,176,21,0
Hispanic,unrelated,177,12,0
Hispanic,unrelated,178,17,0
Hispanic,unrelated,179,21,0
Hispanic,unrelated,180,19,0
Hispanic,unrelated,181,19,0
Hispanic,unrelated,182,11,0
Hispanic,unrelated,183,15,0
Hispanic,unrelated,184,13,0
Hispanic,unrelated,185,16,0
Hispanic,unrelated,186,16,0
Hispanic,unrelated,187,15,0
Hispanic,unrelated,188,16,0
Hispanic,unrelated,189,22,0
Hispanic,unrelated,190,15,0
Hispanic,unrelated,191,21,0
Hispanic,unrelated,192,14,0
Hispanic,unrelated,193,18,0
Hispanic,unrelated,194,12,0
Hispanic,unrelated,195,15,0
Hispanic,unrelated,196,15,0
Hispanic,unrelated,197,17,0
Hispanic,unrelated,198,14,0
Hispanic,unrelated,199,17,0
Hispanic,unrelated,200,16,0
Hispanic,unrelated,201,19,0
Hispanic,unrelated,202,19,0
Hispanic,unrelated,203,11,0
Hispanic,unrelated,204,14,0
Hispanic,unrelated,205,13,0
Hispanic,unrelated,206,21,0
Hispanic,unrelated,207,18,0
Hispanic,unrelated,208,8,0
Hispanic,unrelated,209,19,0
Hispanic,unrelated,210,15,0
Hispanic,unrelated,211,18,0
Hispanic,unrelated,212,16,0
Hispanic,unrelated,213,15,0
Hispanic,unrelated,214,16,0
Hispanic,unrelated,215,17,0
Hispanic,unrelated,216,13,0
Hispanic,unrelated,217,17,0
Hispanic,unrelated,218,12,0
Hispanic,unrelated,219,16,0
Hispanic,unrelated,220,16,0
Hispanic,unrelated,221,16,0
Hispanic,unrelated,222,16,0
Hispanic,unrelated,223,18,0
Hispanic,unrelated,224,16,0
Hispanic,unrelated,225,16,0
Hispanic,unrelated,226,21,0
Hispanic,unrelated,227,15,0
Hispanic,unrelated,228,18,0
Hispanic,unrelated,229,15,0
Hispanic,unrelated,230,13,0
Hispanic,unrelated,231,22,0
Hispanic,unrelated,232,17,0
Hispanic,unrelated,233,16,0
Hispanic,unrelated,234,16,0
Hispanic,unrelated,235,14,0
Hispanic,unrelated,236,14,0
Hispanic,unrelated,237,23,0
Hispanic,unrelated,238,16,0
Hispanic,unrelated,239,16,0
Hispanic,unrelated,240,18,0
Hispanic,unrelated,241,11,0
Hispanic,unrelated,242,21,0
Hispanic,unrelated,243,18,0
Hispanic,unrelated,244,14,0
Hispanic,unrelated,245,18,0
Hispanic,unrelated,246,17,0
Hispanic,unrelated,247,16,0
Hispanic,unrelated,248,16,0
Hispanic,unrelated,249,16,0
Hispanic,unrelated,250,21,0
Hispanic,unrelated,251,15,0
Hispanic,unrelated,252,18,0
Hispanic,unrelated,253,15,0
Hispanic,unrelated,254,17,0
Hispanic,unrelated,255,15,0
Hispanic,unrelated,256,19,0
Hispanic,unrelated,257,21,0
Hispanic,unrelated,258,16,0
Hispanic,unrelated,259,17,0
Hispanic,unrelated,260,18,0
Hispanic,unrelated,261,18,0
Hispanic,unrelated,262,17,0
Hispanic,unrelated,263,20,0
Hispanic,unrelated,264,13,0
Hispanic,unrelated,265,11,0
Hispanic,unrelated,266,22,0
Hispanic,unrelated,267,14,0
Hispanic,unrelated,268,18,0
Hispanic,unrelated,269,21,0
Hispanic,unrelated,270,14,0
Hispanic,unrelated,271,19,0
Hispanic,unrelated,272,19,0
Hispanic,unrelated,273,16,0
Hispanic,unrelated,274,20,0
Hispanic,unrelated,275,14,0
Hispanic,unrelated,276,17,0
Hispanic,unrelated,277,16,0
Hispanic,unrelated,278,16,0
Hispanic,unrelated,279,20,0
Hispanic,unrelated,280,17,0
Hispanic,unrelated,281,15,0
Hispanic,unrelated,282,17,0
Hispanic,unrelated,283,22,0
Hispanic,unrelated,284,15,0
Hispanic,unrelated,285,23,0
Hispanic,unrelated,286,18,0
Hispanic,unrelated,287,19,0
Hispanic,unrelated,288,13,0
Hispanic,unrelated,289,21,0
Hispanic,unrelated,290,20,0
Hispanic,unrelated,291,20,0
Hispanic,unrelated,292,19,0
Hispanic,unrelated,293,19,0
Hispanic,unrelated,294,16,0
Hispanic,unrelated,295,17,0
Hispanic,unrelated,296,13,0
Hispanic,unrelated,297,19,0
Hispanic,unrelated,298,17,0
Hispanic,unrelated,299,24,0
Hispanic,unrelated,300,19,0
Hispanic,unrelated,301,17,0
Hispanic,unrelated,302,17,0
Hispanic,unrelated,303,16,0
Hispanic,unrelated,304,14,0
Hispanic,unrelated,305,20,0
Hispanic,unrelated,306,17,0
Hispanic,unrelated,307,19,0
Hispanic,unrelated,308,20,0
Hispanic,unrelated,309,10,0
Hispanic,unrelated,310,14,0
Hispanic,unrelated,311,21,0
Hispanic,unrelated,312,16,0
Hispanic,unrelated,313,19,0
Hispanic,unrelated,314,15,0
Hispanic,unrelated,315,17,0
Hispanic,unrelated,316,15,0
Hispanic,unrelated,317,18,0
Hispanic,unrelated,318,20,0
Hispanic,unrelated,319,19,0
Hispanic,unrelated,320,19,0
Hispanic,unrelated,321,17,0
Hispanic,unrelated,322,15,0
Hispanic,unrelated,323,12,0
Hispanic,unrelated,324,20,0
Hispanic,unrelated,325,12,0
Hispanic,unrelated,326,17,0
Hispanic,unrelated,327,18,0
Hispanic,unrelated,328,17,0
Hispanic,unrelated,329,15,0
Hispanic,unrelated,330,16,0
Hispanic,unrelated,331,23,0
Hispanic,unrelated,332,16,0
Hispanic,unrelated,333,18,0
Hispanic,unrelated,334,20,0
Hispanic,unrelated,335,10,0
Hispanic,unrelated,336,22,0
Hispanic,unrelated,337,17,0
Hispanic,unrelated,338,17,0
Hispanic,unrelated,339,16,0
Hispanic,unrelated,340,15,0
Hispanic,unrelated,341,10,0
Hispanic,unrelated,342,13,0
Hispanic,unrelated,343,18,0
Hispanic,unrelated,344,22,0
Hispanic,unrelated,345,19,0
Hispanic,unrelated,346,19,0
Hispanic,unrelated,347,15,0
Hispanic,unrelated,348,20,0
Hispanic,unrelated,349,19,0
Hispanic,unrelated,350,17,0
Hispanic,unrelated,351,22,0
Hispanic,unrelated,352,19,0
Hispanic,unrelated,353,17,0
Hispanic,unrelated,354,18,0
Hispanic,unrelated,355,20,0
Hispanic,unrelated,356,18,0
Hispanic,unrelated,357,19,0
Hispanic,unrelated,358,14,0
Hispanic,unrelated,359,18,0
Hispanic,unrelated,360,18,0
Hispanic,unrelated,361,22,0
Hispanic,unrelated,362,18,0
Hispanic,unrelated,363,13,0
Hispanic,unrelated,364,17,0
Hispanic,unrelated,365,17,0
Hispanic,unrelated,366,17,0
Hispanic,unrelated,367,12,0
Hispanic,unrelated,368,17,0
Hispanic,unrelated,369,16,0
Hispanic,unrelated,370,17,0
Hispanic,unrelated,371,16,0
Hispanic,unrelated,372,15,0
Hispanic,unrelated,373,14,0
Hispanic,unrelated,374,16,0
Hispanic,unrelated,375,16,0
Hispanic,unrelated,376,19,0
Hispanic,unrelated,377,22,0
Hispanic,unrelated,378,14,0
Hispanic,unrelated,379,20,0
Hispanic,unrelated,380,22,0
Hispanic,unrelated,381,19,0
Hispanic,unrelated,382,15,0
Hispanic,unrelated,383,16,0
Hispanic,unrelated,384,20,0
Hispanic,unrelated,385,11,0
Hispanic,unrelated,386,17,0
Hispanic,unrelated,387,17,0
Hispanic,unrelated,388,17,0
Hispanic,unrelated,389,20,0
Hispanic,unrelated,390,17,0
Hispanic,unrelated,391,19,0
Hispanic,unrelated,392,18,0
Hispanic,unrelated,393,15,0
Hispanic,unrelated,394,14,0
Hispanic,unrelated,395,16,0
Hispanic,unrelated,396,15,0
Hispanic,unrelated,397,17,0
Hispanic,unrelated,398,19,0
Hispanic,unrelated,399,19,0
Hispanic,unrelated,400,18,0
Hispanic,unrelated,401,11,0
Hispanic,unrelated,402,12,0
Hispanic,unrelated,403,12,0
Hispanic,unrelated,404,15,0
Hispanic,unrelated,405,19,0
Hispanic,unrelated,406,17,0
Hispanic,unrelated,407,14,0
Hispanic,unrelated,408,12,0
Hispanic,unrelated,409,22,0
Hispanic,unrelated,410,15,0
Hispanic,unrelated,411,14,0
Hispanic,unrelated,412,20,0
Hispanic,unrelated,413,16,0
Hispanic,unrelated,414,17,0
Hispanic,unrelated,415,17,0
Hispanic,unrelated,416,20,0
Hispanic,unrelated,417,15,0
Hispanic,unrelated,418,17,0
Hispanic,unrelated,419,15,0
Hispanic,unrelated,420,18,0
Hispanic,unrelated,421,19,0
Hispanic,unrelated,422,16,0
Hispanic,unrelated,423,15,0
Hispanic,unrelated,424,24,0
Hispanic,unrelated,425,19,0
Hispanic,unrelated,426,11,0
Hispanic,unrelated,427,14,0
Hispanic,unrelated,428,16,0
Hispanic,unrelated,429,13,0
Hispanic,unrelated,430,16,0
Hispanic,unrelated,431,19,0
Hispanic,unrelated,432,20,0
Hispanic,unrelated,433,22,0
Hispanic,unrelated,434,16,0
Hispanic,unrelated,435,17,0
Hispanic,unrelated,436,21,0
Hispanic,unrelated,437,18,0
Hispanic,unrelated,438,13,0
Hispanic,unrelated,439,17,0
Hispanic,unrelated,440,24,0
Hispanic,unrelated,441,20,0
Hispanic,unrelated,442,18,0
Hispanic,unrelated,443,20,0
Hispanic,unrelated,444,18,0
Hispanic,unrelated,445,14,0
Hispanic,unrelated,446,15,0
Hispanic,unrelated,447,14,0
Hispanic,unrelated,448,21,0
Hispanic,unrelated,449,14,0
Hispanic,unrelated,450,22,0
Hispanic,unrelated,451,17,0
Hispanic,unrelated,452,20,0
Hispanic,unrelated,453,15,0
Hispanic,unrelated,454,21,0
Hispanic,unrelated,455,16,0
Hispanic,unrelated,456,16,0
Hispanic,unrelated,457,15,0
Hispanic,unrelated,458,15,0
Hispanic,unrelated,459,22,0
Hispanic,unrelated,460,18,0
Hispanic,unrelated,461,21,0
Hispanic,unrelated,462,19,0
Hispanic,unrelated,463,19,0
Hispanic,unrelated,464,18,0
Hispanic,unrelated,465,15,0
Hispanic,unrelated,466,19,0
Hispanic,unrelated,467,14,0
Hispanic,unrelated,468,19,0
Hispanic,unrelated,469,14,0
Hispanic,unrelated,470,15,0
Hispanic,unrelated,471,18,0
Hispanic,unrelated,472,27,0
Hispanic,unrelated,473,18,0
Hispanic,unrelated,474,20,0
Hispanic,unrelated,475,20,0
Hispanic,unrelated,476,13,0
Hispanic,unrelated,477,8,0
Hispanic,unrelated,478,16,0
Hispanic,unrelated,479,20,0
Hispanic,unrelated,480,17,0
Hispanic,unrelated,481,15,0
Hispanic,unrelated,482,13,0
Hispanic,unrelated,483,14,0
Hispanic,unrelated,484,18,0
Hispanic,unrelated,485,17,0
Hispanic,unrelated,486,19,0
Hispanic,unrelated,487,17,0
Hispanic,unrelated,488,19,0
Hispanic,unrelated,489,20,0
Hispanic,unrelated,490,18,0
Hispanic,unrelated,491,14,0
Hispanic,unrelated,492,15,0
Hispanic,unrelated,493,16,0
Hispanic,unrelated,494,17,0
Hispanic,unrelated,495,17,0
Hispanic,unrelated,496,15,0
Hispanic,unrelated,497,17,0
Hispanic,unrelated,498,19,0
Hispanic,unrelated,499,21,0
Hispanic,unrelated,500,17,0
Hispanic,unrelated,501,15,0
Hispanic,unrelated,502,17,0
Hispanic,unrelated,503,21,0
Hispanic,unrelated,504,25,0
Hispanic,unrelated,505,12,0
Hispanic,unrelated,506,17,0
Hispanic,unrelated,507,17,0
Hispanic,unrelated,508,13,0
Hispanic,unrelated,509,17,0
Hispanic,unrelated,510,21,0
Hispanic,unrelated,511,21,0
Hispanic,unrelated,512,18,0
Hispanic,unrelated,513,20,0
Hispanic,unrelated,514,15,0
Hispanic,unrelated,515,15,0
Hispanic,unrelated,516,21,0
Hispanic,unrelated,517,14,0
Hispanic,unrelated,518,22,0
Hispanic,unrelated,519,14,0
Hispanic,unrelated,520,27,0
Hispanic,unrelated,521,21,0
Hispanic,unrelated,522,20,0
Hispanic,unrelated,523,20,0
Hispanic,unrelated,524,21,0
Hispanic,unrelated,525,14,0
Hispanic,unrelated,526,14,0
Hispanic,unrelated,527,17,0
Hispanic,unrelated,528,16,0
Hispanic,unrelated,529,18,0
Hispanic,unrelated,530,14,0
Hispanic,unrelated,531,14,0
Hispanic,unrelated,532,18,0
Hispanic,unrelated,533,22,0
Hispanic,unrelated,534,20,0
Hispanic,unrelated,535,15,0
Hispanic,unrelated,536,10,0
Hispanic,unrelated,537,20,0
Hispanic,unrelated,538,12,0
Hispanic,unrelated,539,14,0
Hispanic,unrelated,540,14,0
Hispanic,unrelated,541,15,0
Hispanic,unrelated,542,17,0
Hispanic,unrelated,543,20,0
Hispanic,unrelated,544,13,0
Hispanic,unrelated,545,16,0
Hispanic,unrelated,546,24,0
Hispanic,unrelated,547,19,0
Hispanic,unrelated,548,14,0
Hispanic,unrelated,549,18,0
Hispanic,unrelated,550,17,0
Hispanic,unrelated,551,13,0
Hispanic,unrelated,552,16,0
Hispanic,unrelated,553,19,0
Hispanic,unrelated,554,19,0
Hispanic,unrelated,555,18,0
Hispanic,unrelated,556,18,0
Hispanic,unrelated,557,18,0
Hispanic,unrelated,558,20,0
Hispanic,unrelated,559,16,0
Hispanic,unrelated,560,14,0
Hispanic,unrelated,561,16,0
Hispanic,unrelated,562,12,0
Hispanic,unrelated,563,16,0
Hispanic,unrelated,564,18,0
Hispanic,unrelated,565,16,0
Hispanic,unrelated,566,16,0
Hispanic,unrelated,567,15,0
Hispanic,unrelated,568,18,0
Hispanic,unrelated,569,26,0
Hispanic,unrelated,570,12,0
Hispanic,unrelated,571,19,0
Hispanic,unrelated,572,16,0
Hispanic,unrelated,573,15,0
Hispanic,unrelated,574,19,0
Hispanic,unrelated,575,18,0
Hispanic,unrelated,576,18,0
Hispanic,unrelated,577,23,0
Hispanic,unrelated,578,17,0
Hispanic,unrelated,579,20,0
Hispanic,unrelated,580,16,0
Hispanic,unrelated,581,21,0
Hispanic,unrelated,582,18,0
Hispanic,unrelated,583,17,0
Hispanic,unrelated,584,18,0
Hispanic,unrelated,585,20,0
Hispanic,unrelated,586,18,0
Hispanic,unrelated,587,17,0
Hispanic,unrelated,588,17,0
Hispanic,unrelated,589,16,0
Hispanic,unrelated,590,15,0
Hispanic,unrelated,591,16,0
Hispanic,unrelated,592,16,0
Hispanic,unrelated,593,21,0
Hispanic,unrelated,594,22,0
Hispanic,unrelated,595,19,0
Hispanic,unrelated,596,15,0
Hispanic,unrelated,597,18,0
Hispanic,unrelated,598,16,0
Hispanic,unrelated,599,18,0
Hispanic,unrelated,600,21,0
Hispanic,unrelated,601,17,0
Hispanic,unrelated,602,11,0
Hispanic,unrelated,603,11,0
Hispanic,unrelated,604,23,0
Hispanic,unrelated,605,15,0
Hispanic,unrelated,606,18,0
Hispanic,unrelated,607,16,0
Hispanic,unrelated,608,26,0
Hispanic,unrelated,609,13,0
Hispanic,unrelated,610,12,0
Hispanic,unrelated,611,10,0
Hispanic,unrelated,612,15,0
Hispanic,unrelated,613,18,0
Hispanic,unrelated,614,17,0
Hispanic,unrelated,615,17,0
Hispanic,unrelated,616,17,0
Hispanic,unrelated,617,19,0
Hispanic,unrelated,618,18,0
Hispanic,unrelated,619,17,0
Hispanic,unrelated,620,14,0
Hispanic,unrelated,621,15,0
Hispanic,unrelated,622,11,0
Hispanic,unrelated,623,18,0
Hispanic,unrelated,624,16,0
Hispanic,unrelated,625,20,0
Hispanic,unrelated,626,18,0
Hispanic,unrelated,627,15,0
Hispanic,unrelated,628,16,0
Hispanic,unrelated,629,14,0
Hispanic,unrelated,630,13,0
Hispanic,unrelated,631,16,0
Hispanic,unrelated,632,20,0
Hispanic,unrelated,633,17,0
Hispanic,unrelated,634,14,0
Hispanic,unrelated,635,9,0
Hispanic,unrelated,636,18,0
Hispanic,unrelated,637,17,0
Hispanic,unrelated,638,15,0
Hispanic,unrelated,639,14,0
Hispanic,unrelated,640,14,0
Hispanic,unrelated,641,16,0
Hispanic,unrelated,642,17,0
Hispanic,unrelated,643,24,0
Hispanic,unrelated,644,14,0
Hispanic,unrelated,645,18,0
Hispanic,unrelated,646,18,0
Hispanic,unrelated,647,19,0
Hispanic,unrelated,648,13,0
Hispanic,unrelated,649,20,0
Hispanic,unrelated,650,15,0
Hispanic,unrelated,651,17,0
Hispanic,unrelated,652,18,0
Hispanic,unrelated,653,14,0
Hispanic,unrelated,654,19,0
Hispanic,unrelated,655,14,0
Hispanic,unrelated,656,15,0
Hispanic,unrelated,657,15,0
Hispanic,unrelated,658,16,0
Hispanic,unrelated,659,25,0
Hispanic,unrelated,660,16,0
Hispanic,unrelated,661,17,0
Hispanic,unrelated,662,16,0
Hispanic,unrelated,663,22,0
Hispanic,unrelated,664,22,0
Hispanic,unrelated,665,21,0
Hispanic,unrelated,666,19,0
Hispanic,unrelated,667,16,0
Hispanic,unrelated,668,12,0
Hispanic,unrelated,669,16,0
Hispanic,unrelated,670,15,0
Hispanic,unrelated,671,20,0
Hispanic,unrelated,672,12,0
Hispanic,unrelated,673,22,0
Hispanic,unrelated,674,22,0
Hispanic,unrelated,675,16,0
Hispanic,unrelated,676,16,0
Hispanic,unrelated,677,17,0
Hispanic,unrelated,678,15,0
Hispanic,unrelated,679,18,0
Hispanic,unrelated,680,15,0
Hispanic,unrelated,681,16,0
Hispanic,unrelated,682,19,0
Hispanic,unrelated,683,15,0
Hispanic,unrelated,684,17,0
Hispanic,unrelated,685,19,0
Hispanic,unrelated,686,22,0
Hispanic,unrelated,687,16,0
Hispanic,unrelated,688,18,0
Hispanic,unrelated,689,19,0
Hispanic,unrelated,690,15,0
Hispanic,unrelated,691,16,0
Hispanic,unrelated,692,17,0
Hispanic,unrelated,693,16,0
Hispanic,unrelated,694,17,0
Hispanic,unrelated,695,15,0
Hispanic,unrelated,696,21,0
Hispanic,unrelated,697,22,0
Hispanic,unrelated,698,15,0
Hispanic,unrelated,699,18,0
Hispanic,unrelated,700,8,0
Hispanic,unrelated,701,16,0
Hispanic,unrelated,702,18,0
Hispanic,unrelated,703,21,0
Hispanic,unrelated,704,23,0
Hispanic,unrelated,705,15,0
Hispanic,unrelated,706,14,0
Hispanic,unrelated,707,19,0
Hispanic,unrelated,708,19,0
Hispanic,unrelated,709,11,0
Hispanic,unrelated,710,15,0
Hispanic,unrelated,711,19,0
Hispanic,unrelated,712,17,0
Hispanic,unrelated,713,20,0
Hispanic,unrelated,714,19,0
Hispanic,unrelated,715,19,0
Hispanic,unrelated,716,18,0
Hispanic,unrelated,717,18,0
Hispanic,unrelated,718,15,0
Hispanic,unrelated,719,17,0
Hispanic,unrelated,720,20,0
Hispanic,unrelated,721,18,0
Hispanic,unrelated,722,14,0
Hispanic,unrelated,723,18,0
Hispanic,unrelated,724,18,0
Hispanic,unrelated,725,15,0
Hispanic,unrelated,726,17,0
Hispanic,unrelated,727,18,0
Hispanic,unrelated,728,16,0
Hispanic,unrelated,729,18,0
Hispanic,unrelated,730,20,0
Hispanic,unrelated,731,23,0
Hispanic,unrelated,732,18,0
Hispanic,unrelated,733,15,0
Hispanic,unrelated,734,18,0
Hispanic,unrelated,735,20,0
Hispanic,unrelated,736,13,0
Hispanic,unrelated,737,18,0
Hispanic,unrelated,738,15,0
Hispanic,unrelated,739,20,0
Hispanic,unrelated,740,13,0
Hispanic,unrelated,741,13,0
Hispanic,unrelated,742,16,0
Hispanic,unrelated,743,17,0
Hispanic,unrelated,744,13,0
Hispanic,unrelated,745,23,0
Hispanic,unrelated,746,20,0
Hispanic,unrelated,747,17,0
Hispanic,unrelated,748,11,0
Hispanic,unrelated,749,18,0
Hispanic,unrelated,750,20,0
Hispanic,unrelated,751,19,0
Hispanic,unrelated,752,19,0
Hispanic,unrelated,753,16,0
Hispanic,unrelated,754,11,0
Hispanic,unrelated,755,18,0
Hispanic,unrelated,756,20,0
Hispanic,unrelated,757,14,0
Hispanic,unrelated,758,17,0
Hispanic,unrelated,759,16,0
Hispanic,unrelated,760,18,0
Hispanic,unrelated,761,15,0
Hispanic,unrelated,762,14,0
Hispanic,unrelated,763,14,0
Hispanic,unrelated,764,22,0
Hispanic,unrelated,765,13,0
Hispanic,unrelated,766,15,0
Hispanic,unrelated,767,15,0
Hispanic,unrelated,768,20,0
Hispanic,unrelated,769,15,0
Hispanic,unrelated,770,10,0
Hispanic,unrelated,771,15,0
Hispanic,unrelated,772,13,0
Hispanic,unrelated,773,22,0
Hispanic,unrelated,774,15,0
Hispanic,unrelated,775,22,0
Hispanic,unrelated,776,17,0
Hispanic,unrelated,777,21,0
Hispanic,unrelated,778,14,0
Hispanic,unrelated,779,17,0
Hispanic,unrelated,780,14,0
Hispanic,unrelated,781,19,0
Hispanic,unrelated,782,14,0
Hispanic,unrelated,783,20,0
Hispanic,unrelated,784,18,0
Hispanic,unrelated,785,18,0
Hispanic,unrelated,786,19,0
Hispanic,unrelated,787,14,0
Hispanic,unrelated,788,19,0
Hispanic,unrelated,789,17,0
Hispanic,unrelated,790,15,0
Hispanic,unrelated,791,15,0
Hispanic,unrelated,792,18,0
Hispanic,unrelated,793,19,0
Hispanic,unrelated,794,13,0
Hispanic,unrelated,795,17,0
Hispanic,unrelated,796,20,0
Hispanic,unrelated,797,18,0
Hispanic,unrelated,798,14,0
Hispanic,unrelated,799,16,0
Hispanic,unrelated,800,20,0
Hispanic,unrelated,801,15,0
Hispanic,unrelated,802,20,0
Hispanic,unrelated,803,17,0
Hispanic,unrelated,804,19,0
Hispanic,unrelated,805,12,0
Hispanic,unrelated,806,22,0
Hispanic,unrelated,807,18,0
Hispanic,unrelated,808,19,0
Hispanic,unrelated,809,17,0
Hispanic,unrelated,810,14,0
Hispanic,unrelated,811,16,0
Hispanic,unrelated,812,11,0
Hispanic,unrelated,813,18,0
Hispanic,unrelated,814,14,0
Hispanic,unrelated,815,16,0
Hispanic,unrelated,816,22,0
Hispanic,unrelated,817,17,0
Hispanic,unrelated,818,14,0
Hispanic,unrelated,819,18,0
Hispanic,unrelated,820,14,0
Hispanic,unrelated,821,16,0
Hispanic,unrelated,822,14,0
Hispanic,unrelated,823,13,0
Hispanic,unrelated,824,18,0
Hispanic,unrelated,825,19,0
Hispanic,unrelated,826,25,0
Hispanic,unrelated,827,15,0
Hispanic,unrelated,828,20,0
Hispanic,unrelated,829,17,0
Hispanic,unrelated,830,15,0
Hispanic,unrelated,831,13,0
Hispanic,unrelated,832,21,0
Hispanic,unrelated,833,17,0
Hispanic,unrelated,834,19,0
Hispanic,unrelated,835,13,0
Hispanic,unrelated,836,17,0
Hispanic,unrelated,837,13,0
Hispanic,unrelated,838,15,0
Hispanic,unrelated,839,15,0
Hispanic,unrelated,840,21,0
Hispanic,unrelated,841,20,0
Hispanic,unrelated,842,15,0
Hispanic,unrelated,843,17,0
Hispanic,unrelated,844,15,0
Hispanic,unrelated,845,16,0
Hispanic,unrelated,846,19,0
Hispanic,unrelated,847,14,0
Hispanic,unrelated,848,19,0
Hispanic,unrelated,849,16,0
Hispanic,unrelated,850,20,0
Hispanic,unrelated,851,16,0
Hispanic,unrelated,852,15,0
Hispanic,unrelated,853,16,0
Hispanic,unrelated,854,14,0
Hispanic,unrelated,855,19,0
Hispanic,unrelated,856,16,0
Hispanic,unrelated,857,17,0
Hispanic,unrelated,858,14,0
Hispanic,unrelated,859,21,0
Hispanic,unrelated,860,17,0
Hispanic,unrelated,861,19,0
Hispanic,unrelated,862,19,0
Hispanic,unrelated,863,18,0
Hispanic,unrelated,864,17,0
Hispanic,unrelated,865,18,0
Hispanic,unrelated,866,13,0
Hispanic,unrelated,867,10,0
Hispanic,unrelated,868,16,0
Hispanic,unrelated,869,20,0
Hispanic,unrelated,870,10,0
Hispanic,unrelated,871,15,0
Hispanic,unrelated,872,15,0
Hispanic,unrelated,873,20,0
Hispanic,unrelated,874,22,0
Hispanic,unrelated,875,17,0
Hispanic,unrelated,876,13,0
Hispanic,unrelated,877,18,0
Hispanic,unrelated,878,14,0
Hispanic,unrelated,879,17,0
Hispanic,unrelated,880,13,0
Hispanic,unrelated,881,15,0
Hispanic,unrelated,882,14,0
Hispanic,unrelated,883,20,0
Hispanic,unrelated,884,14,0
Hispanic,unrelated,885,16,0
Hispanic,unrelated,886,18,0
Hispanic,unrelated,887,15,0
Hispanic,unrelated,888,20,0
Hispanic,unrelated,889,24,0
Hispanic,unrelated,890,11,0
Hispanic,unrelated,891,18,0
Hispanic,unrelated,892,20,0
Hispanic,unrelated,893,14,0
Hispanic,unrelated,894,18,0
Hispanic,unrelated,895,18,0
Hispanic,unrelated,896,16,0
Hispanic,unrelated,897,18,0
Hispanic,unrelated,898,20,0
Hispanic,unrelated,899,15,0
Hispanic,unrelated,900,15,0
Hispanic,unrelated,901,12,0
Hispanic,unrelated,902,16,0
Hispanic,unrelated,903,19,0
Hispanic,unrelated,904,25,0
Hispanic,unrelated,905,19,0
Hispanic,unrelated,906,18,0
Hispanic,unrelated,907,18,0
Hispanic,unrelated,908,19,0
Hispanic,unrelated,909,19,0
Hispanic,unrelated,910,12,0
Hispanic,unrelated,911,19,0
Hispanic,unrelated,912,20,0
Hispanic,unrelated,913,15,0
Hispanic,unrelated,914,18,0
Hispanic,unrelated,915,17,0
Hispanic,unrelated,916,13,0
Hispanic,unrelated,917,14,0
Hispanic,unrelated,918,21,0
Hispanic,unrelated,919,15,0
Hispanic,unrelated,920,16,0
Hispanic,unrelated,921,16,0
Hispanic,unrelated,922,10,0
Hispanic,unrelated,923,14,0
Hispanic,unrelated,924,13,0
Hispanic,unrelated,925,21,0
Hispanic,unrelated,926,19,0
Hispanic,unrelated,927,11,0
Hispanic,unrelated,928,20,0
Hispanic,unrelated,929,17,0
Hispanic,unrelated,930,20,0
Hispanic,unrelated,931,12,0
Hispanic,unrelated,932,17,0
Hispanic,unrelated,933,20,0
Hispanic,unrelated,934,21,0
Hispanic,unrelated,935,22,0
Hispanic,unrelated,936,17,0
Hispanic,unrelated,937,14,0
Hispanic,unrelated,938,13,0
Hispanic,unrelated,939,14,0
Hispanic,unrelated,940,21,0
Hispanic,unrelated,941,16,0
Hispanic,unrelated,942,14,0
Hispanic,unrelated,943,16,0
Hispanic,unrelated,944,18,0
Hispanic,unrelated,945,17,0
Hispanic,unrelated,946,20,0
Hispanic,unrelated,947,18,0
Hispanic,unrelated,948,21,0
Hispanic,unrelated,949,16,0
Hispanic,unrelated,950,16,0
Hispanic,unrelated,951,20,0
Hispanic,unrelated,952,11,0
Hispanic,unrelated,953,17,0
Hispanic,unrelated,954,18,0
Hispanic,unrelated,955,21,0
Hispanic,unrelated,956,18,0
Hispanic,unrelated,957,15,0
Hispanic,unrelated,958,18,0
Hispanic,unrelated,959,14,0
Hispanic,unrelated,960,11,0
Hispanic,unrelated,961,18,0
Hispanic,unrelated,962,10,0
Hispanic,unrelated,963,16,0
Hispanic,unrelated,964,20,0
Hispanic,unrelated,965,14,0
Hispanic,unrelated,966,16,0
Hispanic,unrelated,967,21,0
Hispanic,unrelated,968,13,0
Hispanic,unrelated,969,10,0
Hispanic,unrelated,970,21,0
Hispanic,unrelated,971,15,0
Hispanic,unrelated,972,19,0
Hispanic,unrelated,973,17,0
Hispanic,unrelated,974,21,0
Hispanic,unrelated,975,16,0
Hispanic,unrelated,976,17,0
Hispanic,unrelated,977,21,0
Hispanic,unrelated,978,18,0
Hispanic,unrelated,979,15,0
Hispanic,unrelated,980,18,0
Hispanic,unrelated,981,22,0
Hispanic,unrelated,982,13,0
Hispanic,unrelated,983,17,0
Hispanic,unrelated,984,16,0
Hispanic,unrelated,985,16,0
Hispanic,unrelated,986,11,0
Hispanic,unrelated,987,16,0
Hispanic,unrelated,988,12,0
Hispanic,unrelated,989,18,0
Hispanic,unrelated,990,16,0
Hispanic,unrelated,991,18,0
Hispanic,unrelated,992,11,0
Hispanic,unrelated,993,11,0
Hispanic,unrelated,994,16,0
Hispanic,unrelated,995,17,0
Hispanic,unrelated,996,10,0
Hispanic,unrelated,997,12,0
Hispanic,unrelated,998,20,0
Hispanic,unrelated,999,19,0
Hispanic,unrelated,1000,13,0
